#NOTE: MSDs should be divided by the temperature.
#NOTE: MSDs have been divided by 2 or 10 (i.e., the viscosity computed from all components).
#Time	MSD_xx	MSD_yy	MSD_zz	MSD_xy	MSD_xz	MSD_yz	MSD_off	MSD_all	MSD_bulkvisc
 10 1.84976e+09 1.8487e+09 1.85048e+09 1.84219e+09 1.85063e+09 1.85237e+09 1.8484e+09 1.8489e+09 2.23481e+09
 20 6.65113e+09 6.64534e+09 6.65483e+09 6.61844e+09 6.65336e+09 6.66247e+09 6.64476e+09 6.64703e+09 8.46828e+09
 30 1.33036e+10 1.32857e+10 1.33124e+10 1.32223e+10 1.33018e+10 1.33285e+10 1.32842e+10 1.32907e+10 1.78768e+10
 40 2.10455e+10 2.1004e+10 2.10597e+10 2.0888e+10 2.10275e+10 2.10877e+10 2.10011e+10 2.10152e+10 2.97461e+10
 50 2.9506e+10 2.94276e+10 2.95254e+10 2.92452e+10 2.94574e+10 2.95716e+10 2.94247e+10 2.94494e+10 4.35368e+10
 60 3.85794e+10 3.84509e+10 3.86048e+10 3.81909e+10 3.84884e+10 3.86805e+10 3.84532e+10 3.849e+10 5.89008e+10
 70 4.81873e+10 4.79977e+10 4.82217e+10 4.76501e+10 4.80445e+10 4.83416e+10 4.80121e+10 4.80615e+10 7.56909e+10
 80 5.82e+10 5.79397e+10 5.82483e+10 5.74961e+10 5.79964e+10 5.84284e+10 5.79736e+10 5.80359e+10 9.38942e+10
 90 6.8457e+10 6.81144e+10 6.85215e+10 6.75693e+10 6.81802e+10 6.87805e+10 6.81767e+10 6.82517e+10 1.13541e+11
 100 7.88593e+10 7.84202e+10 7.89375e+10 7.77666e+10 7.84922e+10 7.92963e+10 7.85184e+10 7.86066e+10 1.34634e+11
 110 8.94438e+10 8.88938e+10 8.95324e+10 8.8121e+10 8.89679e+10 9.00073e+10 8.9032e+10 8.91352e+10 1.57098e+11
 120 1.0037e+11 9.96978e+10 1.00469e+11 9.87937e+10 9.97699e+10 1.01068e+11 9.98773e+10 9.99979e+10 1.8077e+11
 130 1.11828e+11 1.11025e+11 1.1194e+11 1.09978e+11 1.11092e+11 1.12668e+11 1.11246e+11 1.11387e+11 2.05433e+11
 140 1.23936e+11 1.22997e+11 1.24071e+11 1.21798e+11 1.23058e+11 1.2493e+11 1.23262e+11 1.23424e+11 2.30875e+11
 150 1.36717e+11 1.35635e+11 1.36879e+11 1.34276e+11 1.35692e+11 1.37879e+11 1.35949e+11 1.36134e+11 2.56944e+11
 160 1.50124e+11 1.48893e+11 1.50317e+11 1.47367e+11 1.48953e+11 1.51474e+11 1.49264e+11 1.4947e+11 2.83579e+11
 170 1.64094e+11 1.6271e+11 1.64319e+11 1.61011e+11 1.62783e+11 1.65652e+11 1.63149e+11 1.63372e+11 3.10794e+11
 180 1.78585e+11 1.77045e+11 1.78844e+11 1.75167e+11 1.7714e+11 1.80372e+11 1.7756e+11 1.77799e+11 3.3866e+11
 190 1.93578e+11 1.91882e+11 1.93877e+11 1.89816e+11 1.92006e+11 1.95615e+11 1.92479e+11 1.92732e+11 3.67258e+11
 200 2.09066e+11 2.07212e+11 2.09407e+11 2.04949e+11 2.07371e+11 2.11374e+11 2.07898e+11 2.08163e+11 3.96627e+11
 200 2.09094e+11 2.07453e+11 2.09743e+11 2.05133e+11 2.07203e+11 2.11429e+11 2.07922e+11 2.08258e+11 3.96523e+11
 400 6.08824e+11 6.0132e+11 6.10697e+11 5.93532e+11 6.03328e+11 6.19117e+11 6.05326e+11 6.05974e+11 1.10469e+12
 600 1.15762e+12 1.13903e+12 1.16308e+12 1.12663e+12 1.14548e+12 1.17915e+12 1.15042e+12 1.15155e+12 2.04268e+12
 800 1.82682e+12 1.7961e+12 1.84006e+12 1.77632e+12 1.80683e+12 1.86458e+12 1.81591e+12 1.81794e+12 3.19734e+12
 1000 2.59879e+12 2.55359e+12 2.62473e+12 2.52539e+12 2.56785e+12 2.65567e+12 2.58297e+12 2.58673e+12 4.52327e+12
 1200 3.45873e+12 3.39821e+12 3.50008e+12 3.36012e+12 3.41307e+12 3.53835e+12 3.43718e+12 3.44325e+12 5.99753e+12
 1400 4.39574e+12 4.31838e+12 4.45563e+12 4.27064e+12 4.33051e+12 4.50123e+12 4.36746e+12 4.37645e+12 7.61289e+12
 1600 5.40151e+12 5.30596e+12 5.48168e+12 5.24605e+12 5.31121e+12 5.53713e+12 5.3648e+12 5.37743e+12 9.34955e+12
 1800 6.46802e+12 6.35157e+12 6.57188e+12 6.27921e+12 6.34936e+12 6.63789e+12 6.42215e+12 6.43882e+12 1.11912e+13
 2000 7.58959e+12 7.44802e+12 7.71888e+12 7.3646e+12 7.43764e+12 7.79831e+12 7.53352e+12 7.55431e+12 1.31266e+13
 2200 8.75904e+12 8.59198e+12 8.91623e+12 8.49758e+12 8.57308e+12 9.01172e+12 8.69412e+12 8.71877e+12 1.51487e+13
 2400 9.97272e+12 9.77896e+12 1.01589e+13 9.67368e+12 9.75093e+12 1.02744e+13 9.89966e+12 9.92787e+12 1.72455e+13
 2600 1.12281e+13 1.10065e+13 1.1445e+13 1.08895e+13 1.09679e+13 1.15804e+13 1.11459e+13 1.11782e+13 1.94129e+13
 2800 1.25223e+13 1.22712e+13 1.27705e+13 1.21398e+13 1.22197e+13 1.29265e+13 1.24287e+13 1.24657e+13 2.16483e+13
 3000 1.38518e+13 1.35709e+13 1.41324e+13 1.34219e+13 1.35033e+13 1.43103e+13 1.37451e+13 1.37878e+13 2.39462e+13
 3200 1.5215e+13 1.49034e+13 1.55286e+13 1.47328e+13 1.4816e+13 1.57287e+13 1.50925e+13 1.51418e+13 2.63043e+13
 3400 1.6608e+13 1.62666e+13 1.69568e+13 1.60706e+13 1.61555e+13 1.71788e+13 1.64683e+13 1.65252e+13 2.87192e+13
 3600 1.8028e+13 1.7658e+13 1.84149e+13 1.74326e+13 1.75204e+13 1.86593e+13 1.78708e+13 1.79359e+13 3.11842e+13
 3800 1.94714e+13 1.90726e+13 1.98995e+13 1.88155e+13 1.89106e+13 2.01674e+13 1.92978e+13 1.93711e+13 3.36941e+13
 4000 2.0937e+13 2.05084e+13 2.14074e+13 2.02185e+13 2.03239e+13 2.17015e+13 2.0748e+13 2.08291e+13 3.62454e+13
 4000 2.08163e+13 2.07304e+13 2.14512e+13 2.03334e+13 2.01624e+13 2.16946e+13 2.07301e+13 2.08378e+13 3.62749e+13
 8000 5.23483e+13 5.21379e+13 5.46935e+13 5.11609e+13 5.1492e+13 5.57187e+13 5.27906e+13 5.28983e+13 9.22054e+13
 12000 8.60257e+13 8.74643e+13 9.00835e+13 8.4021e+13 8.46766e+13 9.26805e+13 8.7126e+13 8.74187e+13 1.55395e+14
 16000 1.20747e+14 1.24692e+14 1.24678e+14 1.176e+14 1.17778e+14 1.31248e+14 1.22209e+14 1.22674e+14 2.24986e+14
 20000 1.56445e+14 1.62663e+14 1.57806e+14 1.51832e+14 1.52218e+14 1.71021e+14 1.58357e+14 1.58603e+14 2.98408e+14
 24000 1.92462e+14 2.0019e+14 1.90193e+14 1.85954e+14 1.87911e+14 2.10626e+14 1.94831e+14 1.94611e+14 3.74532e+14
 28000 2.28748e+14 2.37049e+14 2.23207e+14 2.19881e+14 2.23261e+14 2.50109e+14 2.31084e+14 2.30518e+14 4.52733e+14
 32000 2.65134e+14 2.73371e+14 2.5718e+14 2.5428e+14 2.59915e+14 2.90523e+14 2.6824e+14 2.67035e+14 5.31913e+14
 36000 3.0271e+14 3.0976e+14 2.93335e+14 2.88864e+14 2.97251e+14 3.31283e+14 3.058e+14 3.04254e+14 6.11333e+14
 40000 3.40086e+14 3.45922e+14 3.29753e+14 3.23017e+14 3.34793e+14 3.72534e+14 3.43448e+14 3.41504e+14 6.88705e+14
 44000 3.77009e+14 3.81877e+14 3.67192e+14 3.57171e+14 3.71698e+14 4.13804e+14 3.80891e+14 3.78678e+14 7.6426e+14
 48000 4.13674e+14 4.17947e+14 4.04244e+14 3.90872e+14 4.07151e+14 4.55371e+14 4.17798e+14 4.15461e+14 8.38232e+14
 52000 4.49909e+14 4.54211e+14 4.40542e+14 4.25229e+14 4.41037e+14 4.96668e+14 4.54312e+14 4.51875e+14 9.10755e+14
 56000 4.86155e+14 4.91066e+14 4.77028e+14 4.60776e+14 4.74147e+14 5.37925e+14 4.90949e+14 4.88469e+14 9.83816e+14
 60000 5.21881e+14 5.28704e+14 5.1471e+14 4.96509e+14 5.06744e+14 5.79547e+14 5.276e+14 5.25266e+14 1.05767e+15
 64000 5.57589e+14 5.66826e+14 5.53265e+14 5.33001e+14 5.40275e+14 6.21101e+14 5.64792e+14 5.62566e+14 1.13162e+15
 68000 5.92787e+14 6.05682e+14 5.92241e+14 5.70162e+14 5.7263e+14 6.62175e+14 6.01656e+14 5.99755e+14 1.20468e+15
 72000 6.29357e+14 6.45105e+14 6.31702e+14 6.07362e+14 6.05205e+14 7.02841e+14 6.38469e+14 6.37237e+14 1.27683e+15
 76000 6.66577e+14 6.83307e+14 6.70291e+14 6.45354e+14 6.37916e+14 7.43079e+14 6.7545e+14 6.74627e+14 1.34806e+15
 80000 7.03936e+14 7.20088e+14 7.07431e+14 6.84167e+14 6.70716e+14 7.81783e+14 7.12222e+14 7.11527e+14 1.41729e+15
 80000 7.1393e+14 7.457e+14 7.64425e+14 6.4806e+14 6.89744e+14 7.73508e+14 7.03771e+14 7.18803e+14 1.41437e+15
 160000 1.4099e+15 1.37283e+15 1.43047e+15 1.46695e+15 1.40415e+15 1.51211e+15 1.46107e+15 1.4384e+15 2.45651e+15
 240000 1.95697e+15 2.05991e+15 2.04405e+15 2.40018e+15 2.11877e+15 2.36738e+15 2.29545e+15 2.18539e+15 3.7366e+15
 320000 2.56922e+15 2.61951e+15 2.62452e+15 3.29081e+15 2.76313e+15 3.10375e+15 3.05256e+15 2.8733e+15 5.00871e+15
 400000 3.30561e+15 3.28907e+15 3.34968e+15 4.23811e+15 3.58469e+15 3.91903e+15 3.91394e+15 3.67428e+15 6.30636e+15
 480000 3.96758e+15 3.92025e+15 4.1376e+15 5.29586e+15 4.54991e+15 4.81728e+15 4.88768e+15 4.536e+15 7.42508e+15
 560000 4.47035e+15 4.37644e+15 4.8627e+15 6.31094e+15 5.57702e+15 5.66739e+15 5.85178e+15 5.339e+15 8.87457e+15
 640000 5.11564e+15 5.00454e+15 5.74619e+15 7.43652e+15 6.56767e+15 6.82976e+15 6.94465e+15 6.2823e+15 1.03601e+16
 720000 5.76525e+15 5.50491e+15 6.68287e+15 8.59347e+15 7.6834e+15 7.98853e+15 8.08847e+15 7.24682e+15 1.18201e+16
 800000 6.4456e+15 6.08102e+15 7.46734e+15 9.8327e+15 8.97718e+15 9.31315e+15 9.37434e+15 8.29047e+15 1.37449e+16
 880000 7.18684e+15 6.47369e+15 8.32573e+15 1.10545e+16 1.02687e+16 1.05152e+16 1.06128e+16 9.29919e+15 1.57318e+16
 960000 7.92528e+15 7.01885e+15 9.19617e+15 1.22884e+16 1.134e+16 1.19008e+16 1.18431e+16 1.03245e+16 1.75344e+16
 1.04e+06 8.69948e+15 7.57895e+15 1.0075e+16 1.34956e+16 1.25153e+16 1.34773e+16 1.31627e+16 1.14114e+16 1.93128e+16
 1.12e+06 9.7184e+15 8.3089e+15 1.12258e+16 1.47903e+16 1.37249e+16 1.50594e+16 1.45249e+16 1.26153e+16 2.10168e+16
 1.2e+06 1.08583e+16 9.02867e+15 1.23422e+16 1.61224e+16 1.52002e+16 1.67222e+16 1.60149e+16 1.39062e+16 2.25704e+16
 1.28e+06 1.18669e+16 9.73575e+15 1.3304e+16 1.72887e+16 1.67365e+16 1.82722e+16 1.74324e+16 1.51137e+16 2.40445e+16
 1.36e+06 1.28098e+16 1.03061e+16 1.41446e+16 1.85326e+16 1.82389e+16 1.99203e+16 1.88973e+16 1.63064e+16 2.57227e+16
 1.44e+06 1.38426e+16 1.10821e+16 1.51608e+16 1.95909e+16 1.97826e+16 2.16805e+16 2.03514e+16 1.75556e+16 2.70337e+16
 1.52e+06 1.5101e+16 1.18268e+16 1.62972e+16 2.04432e+16 2.13703e+16 2.34613e+16 2.17582e+16 1.88183e+16 2.79027e+16
 1.6e+06 1.61867e+16 1.24779e+16 1.73691e+16 2.12537e+16 2.29379e+16 2.51268e+16 2.31061e+16 2.00015e+16 2.87655e+16
 1.6e+06 1.67259e+16 1.70649e+16 1.96133e+16 3.05366e+16 2.13047e+16 2.17898e+16 2.45437e+16 2.18468e+16 1.77836e+16
 3.2e+06 5.18542e+16 2.79611e+16 4.24017e+16 2.49371e+16 6.69196e+16 4.38812e+16 4.5246e+16 4.34432e+16 2.20818e+16
 4.8e+06 6.88994e+16 5.17479e+16 7.30262e+16 2.03601e+16 1.10848e+17 5.3052e+16 6.14202e+16 6.26753e+16 2.25598e+16
 6.4e+06 5.95701e+16 6.60058e+16 1.14015e+17 4.47771e+16 1.49668e+17 6.43106e+16 8.62517e+16 8.36965e+16 3.80834e+16
 8e+06 4.67442e+16 7.82249e+16 1.59611e+17 3.43081e+16 2.1699e+17 9.85701e+16 1.16623e+17 1.07918e+17 5.30592e+16
 9.6e+06 4.34372e+16 1.38127e+17 2.03032e+17 6.71795e+16 2.64735e+17 1.47832e+17 1.59916e+17 1.47229e+17 5.4276e+16
 1.12e+07 2.69427e+16 2.0741e+17 1.97475e+17 9.49104e+16 2.07798e+17 1.86643e+17 1.63117e+17 1.55447e+17 7.25365e+16
 1.28e+07 3.51775e+16 3.35531e+17 1.60198e+17 6.02846e+16 1.90305e+17 1.4731e+17 1.32633e+17 1.50367e+17 7.36832e+16
 1.44e+07 8.54779e+16 3.26617e+17 7.7918e+16 1.04218e+15 2.24043e+17 8.57631e+16 1.03616e+17 1.27505e+17 1.46213e+16
