#NOTE: MSDs should be divided by the temperature.
#NOTE: MSDs have been divided by 2 or 10 (i.e., the viscosity computed from all components).
#Time	MSD_xx	MSD_yy	MSD_zz	MSD_xy	MSD_xz	MSD_yz	MSD_off	MSD_all	MSD_bulkvisc
 20 6.83562e+09 6.909e+09 6.85061e+09 6.84222e+09 6.70568e+09 6.80604e+09 6.78465e+09 6.81682e+09 8.47914e+09
 40 2.16353e+10 2.1863e+10 2.16095e+10 2.15734e+10 2.11088e+10 2.14109e+10 2.13644e+10 2.14997e+10 2.969e+10
 60 3.97386e+10 4.01632e+10 3.96418e+10 3.95717e+10 3.86253e+10 3.91662e+10 3.9121e+10 3.94118e+10 5.8654e+10
 80 5.98887e+10 6.07151e+10 5.97889e+10 5.97679e+10 5.8032e+10 5.89441e+10 5.89147e+10 5.94011e+10 9.33272e+10
 100 8.08564e+10 8.24436e+10 8.09856e+10 8.1032e+10 7.82299e+10 7.96451e+10 7.96357e+10 8.03528e+10 1.33689e+11
 120 1.02441e+11 1.0515e+11 1.03097e+11 1.03219e+11 9.91432e+10 1.01118e+11 1.0116e+11 1.02121e+11 1.79392e+11
 140 1.2592e+11 1.30106e+11 1.27376e+11 1.27531e+11 1.22037e+11 1.24538e+11 1.24702e+11 1.25941e+11 2.29047e+11
 160 1.51951e+11 1.57955e+11 1.54384e+11 1.54508e+11 1.4759e+11 1.50406e+11 1.50835e+11 1.52406e+11 2.8143e+11
 180 1.80284e+11 1.88328e+11 1.83707e+11 1.83878e+11 1.75594e+11 1.78454e+11 1.79308e+11 1.81228e+11 3.36411e+11
 200 2.10793e+11 2.21009e+11 2.15137e+11 2.15444e+11 2.05819e+11 2.08561e+11 2.09941e+11 2.12223e+11 3.94458e+11
 220 2.433e+11 2.55865e+11 2.48483e+11 2.49045e+11 2.38067e+11 2.40688e+11 2.426e+11 2.45246e+11 4.55569e+11
 240 2.77617e+11 2.92703e+11 2.83455e+11 2.84471e+11 2.72023e+11 2.74634e+11 2.77043e+11 2.80062e+11 5.1908e+11
 260 3.13687e+11 3.31495e+11 3.20122e+11 3.2158e+11 3.07524e+11 3.10275e+11 3.13126e+11 3.16583e+11 5.84558e+11
 280 3.51394e+11 3.72253e+11 3.58539e+11 3.6035e+11 3.44622e+11 3.47584e+11 3.50852e+11 3.54802e+11 6.5228e+11
 300 3.9058e+11 4.1481e+11 3.98603e+11 4.00794e+11 3.83404e+11 3.86342e+11 3.9018e+11 3.9464e+11 7.22701e+11
 320 4.31201e+11 4.59092e+11 4.40284e+11 4.42871e+11 4.23881e+11 4.2644e+11 4.31064e+11 4.36049e+11 7.95845e+11
 340 4.73361e+11 5.05084e+11 4.83554e+11 4.86615e+11 4.66083e+11 4.67986e+11 4.73561e+11 4.7907e+11 8.71314e+11
 360 5.1722e+11 5.52831e+11 5.28419e+11 5.31969e+11 5.09888e+11 5.11145e+11 5.17668e+11 5.2373e+11 9.49005e+11
 380 5.62813e+11 6.02368e+11 5.74822e+11 5.78882e+11 5.55157e+11 5.55972e+11 5.63337e+11 5.70003e+11 1.02919e+12
 400 6.10106e+11 6.53732e+11 6.22714e+11 6.27323e+11 6.01871e+11 6.02391e+11 6.10528e+11 6.17857e+11 1.11216e+12
 400 6.11166e+11 6.65844e+11 6.29717e+11 6.17255e+11 5.88627e+11 5.99311e+11 6.01731e+11 6.15269e+11 1.11892e+12
 800 1.81992e+12 2.00311e+12 1.86043e+12 1.86496e+12 1.78173e+12 1.7696e+12 1.80543e+12 1.84105e+12 3.28618e+12
 1200 3.44229e+12 3.85091e+12 3.51123e+12 3.53876e+12 3.40642e+12 3.37947e+12 3.44155e+12 3.50552e+12 6.27851e+12
 1600 5.3981e+12 6.12848e+12 5.49261e+12 5.53769e+12 5.40962e+12 5.34121e+12 5.42951e+12 5.52693e+12 9.82845e+12
 2000 7.61317e+12 8.77496e+12 7.77655e+12 7.81539e+12 7.7089e+12 7.59038e+12 7.70489e+12 7.84489e+12 1.38314e+13
 2400 1.00442e+13 1.17379e+13 1.03258e+13 1.03305e+13 1.02223e+13 1.0083e+13 1.0212e+13 1.04082e+13 1.82892e+13
 2800 1.26736e+13 1.49424e+13 1.30832e+13 1.30332e+13 1.29216e+13 1.27647e+13 1.29065e+13 1.31705e+13 2.31652e+13
 3200 1.54493e+13 1.83519e+13 1.60104e+13 1.58936e+13 1.57473e+13 1.55656e+13 1.57355e+13 1.60828e+13 2.84297e+13
 3600 1.8388e+13 2.19505e+13 1.91005e+13 1.8853e+13 1.87237e+13 1.84722e+13 1.8683e+13 1.9135e+13 3.40654e+13
 4000 2.14582e+13 2.56987e+13 2.22919e+13 2.19102e+13 2.18323e+13 2.14879e+13 2.17435e+13 2.23059e+13 4.00539e+13
 4400 2.45795e+13 2.95325e+13 2.55825e+13 2.50261e+13 2.49995e+13 2.46094e+13 2.48783e+13 2.55529e+13 4.64033e+13
 4800 2.77193e+13 3.34566e+13 2.89632e+13 2.82409e+13 2.82209e+13 2.7834e+13 2.80986e+13 2.88777e+13 5.30788e+13
 5200 3.08379e+13 3.74253e+13 3.23559e+13 3.15099e+13 3.15011e+13 3.11442e+13 3.1385e+13 3.22469e+13 6.00806e+13
 5600 3.39842e+13 4.14594e+13 3.58096e+13 3.48572e+13 3.4864e+13 3.45457e+13 3.47556e+13 3.56871e+13 6.7309e+13
 6000 3.71379e+13 4.5558e+13 3.93274e+13 3.83088e+13 3.82949e+13 3.80582e+13 3.82206e+13 3.92022e+13 7.49025e+13
 6400 4.0307e+13 4.96974e+13 4.28847e+13 4.18547e+13 4.17378e+13 4.16714e+13 4.17546e+13 4.27713e+13 8.28013e+13
 6800 4.34581e+13 5.39017e+13 4.64689e+13 4.54688e+13 4.51949e+13 4.54047e+13 4.53561e+13 4.63908e+13 9.09627e+13
 7200 4.65716e+13 5.8149e+13 5.01319e+13 4.91699e+13 4.86584e+13 4.92753e+13 4.90346e+13 5.00677e+13 9.94121e+13
 7600 4.9652e+13 6.25001e+13 5.38361e+13 5.29072e+13 5.21033e+13 5.32888e+13 5.27664e+13 5.37916e+13 1.08067e+14
 8000 5.2692e+13 6.70263e+13 5.75686e+13 5.67399e+13 5.55659e+13 5.73762e+13 5.65606e+13 5.75746e+13 1.16947e+14
 8000 5.77178e+13 7.7067e+13 5.35028e+13 5.37685e+13 5.50333e+13 5.53718e+13 5.47245e+13 5.79397e+13 1.2386e+14
 16000 1.3512e+14 2.02098e+14 1.42227e+14 1.40462e+14 1.33889e+14 1.3672e+14 1.37024e+14 1.4614e+14 3.17077e+14
 24000 2.30407e+14 3.39711e+14 2.46774e+14 2.30402e+14 2.10089e+14 1.87838e+14 2.09443e+14 2.34585e+14 4.6924e+14
 32000 3.04011e+14 4.76889e+14 3.47018e+14 3.17847e+14 2.70557e+14 2.42431e+14 2.76945e+14 3.16556e+14 5.64116e+14
 40000 3.23405e+14 5.87119e+14 4.49463e+14 4.06459e+14 3.29429e+14 3.41023e+14 3.58971e+14 3.96714e+14 6.53574e+14
 48000 3.34141e+14 6.91818e+14 5.53167e+14 5.12222e+14 3.84926e+14 4.61593e+14 4.52914e+14 4.82298e+14 7.6419e+14
 56000 3.33594e+14 7.87174e+14 6.58048e+14 6.15329e+14 4.37178e+14 5.7866e+14 5.43722e+14 5.63409e+14 8.38809e+14
 64000 3.4323e+14 8.42218e+14 7.5068e+14 7.2505e+14 5.05805e+14 6.69006e+14 6.33287e+14 6.38123e+14 8.8622e+14
 72000 3.63418e+14 8.69862e+14 8.18605e+14 8.40436e+14 5.49785e+14 7.58979e+14 7.164e+14 7.03425e+14 9.11693e+14
 80000 3.90208e+14 8.80664e+14 8.73334e+14 9.95965e+14 5.60967e+14 8.71615e+14 8.09516e+14 7.71603e+14 9.07135e+14
 88000 4.45487e+14 8.67256e+14 9.02493e+14 1.16156e+15 5.11678e+14 9.66532e+14 8.79923e+14 8.23318e+14 8.74133e+14
 96000 4.94791e+14 8.34026e+14 9.0919e+14 1.30783e+15 4.74975e+14 1.02601e+15 9.36274e+14 8.60165e+14 8.51666e+14
 104000 5.44549e+14 7.53445e+14 9.09979e+14 1.42879e+15 4.5909e+14 1.04694e+15 9.78274e+14 8.81361e+14 8.77774e+14
 112000 5.68458e+14 6.34864e+14 8.89841e+14 1.52781e+15 4.37822e+14 1.07578e+15 1.0138e+15 8.8737e+14 8.56299e+14
 120000 5.64849e+14 4.94929e+14 8.70744e+14 1.63111e+15 4.50967e+14 1.11956e+15 1.06721e+15 8.97731e+14 8.11623e+14
 128000 5.78453e+14 3.94577e+14 8.6186e+14 1.76136e+15 4.70342e+14 1.17204e+15 1.13458e+15 9.254e+14 7.68674e+14
 136000 5.84227e+14 3.40416e+14 8.56418e+14 1.90939e+15 5.30761e+14 1.1821e+15 1.20742e+15 9.61924e+14 7.89792e+14
 144000 6.22128e+14 3.3085e+14 8.81728e+14 2.08965e+15 5.87644e+14 1.18308e+15 1.28679e+15 1.0167e+15 9.18432e+14
 152000 7.01277e+14 3.71295e+14 9.50019e+14 2.28459e+15 6.56731e+14 1.15305e+15 1.36479e+15 1.08855e+15 1.0556e+15
 160000 8.18244e+14 4.14317e+14 1.05165e+15 2.47142e+15 7.15598e+14 1.15351e+15 1.44684e+15 1.17267e+15 1.13507e+15
 160000 9.25624e+14 9.29331e+13 7.1491e+14 3.76337e+15 8.74265e+13 2.1328e+14 1.35469e+15 1.04394e+15 1.59143e+14
 320000 8.54013e+14 3.71041e+14 9.9223e+13 7.07235e+15 5.2517e+13 4.17249e+14 2.51404e+15 1.68499e+15 2.25471e+13
