#NOTE: MSDs should be divided by the temperature.
#NOTE: MSDs have been divided by 2 or 10 (i.e., the viscosity computed from all components).
#Time	MSD_xx	MSD_yy	MSD_zz	MSD_xy	MSD_xz	MSD_yz	MSD_off	MSD_all	MSD_bulkvisc
 20 6.72891e+09 6.72473e+09 6.71894e+09 6.75006e+09 6.70755e+09 6.70952e+09 6.72238e+09 6.72311e+09 8.53274e+09
 40 2.11685e+10 2.11541e+10 2.11359e+10 2.12448e+10 2.10798e+10 2.10823e+10 2.11356e+10 2.11425e+10 2.98902e+10
 60 3.87195e+10 3.86891e+10 3.8652e+10 3.88757e+10 3.8527e+10 3.85043e+10 3.86357e+10 3.86561e+10 5.91322e+10
 80 5.83458e+10 5.82954e+10 5.82189e+10 5.86104e+10 5.804e+10 5.79435e+10 5.8198e+10 5.82335e+10 9.42068e+10
 100 7.89954e+10 7.89218e+10 7.87727e+10 7.93946e+10 7.85703e+10 7.83466e+10 7.87705e+10 7.8821e+10 1.35029e+11
 120 1.00481e+11 1.0036e+11 1.0012e+11 1.01021e+11 9.98996e+10 9.95118e+10 1.00144e+11 1.00215e+11 1.81259e+11
 140 1.24011e+11 1.23807e+11 1.23478e+11 1.24698e+11 1.23232e+11 1.2265e+11 1.23527e+11 1.23622e+11 2.31466e+11
 160 1.50159e+11 1.49842e+11 1.49417e+11 1.50997e+11 1.49145e+11 1.48338e+11 1.49493e+11 1.49618e+11 2.84286e+11
 180 1.78597e+11 1.78151e+11 1.77621e+11 1.79581e+11 1.7731e+11 1.76242e+11 1.77711e+11 1.77876e+11 3.39508e+11
 200 2.09076e+11 2.08495e+11 2.07842e+11 2.10205e+11 2.07485e+11 2.06119e+11 2.07936e+11 2.0815e+11 3.97651e+11
 220 2.41486e+11 2.40769e+11 2.3996e+11 2.42758e+11 2.39562e+11 2.37852e+11 2.40057e+11 2.4033e+11 4.58779e+11
 240 2.75699e+11 2.74847e+11 2.7384e+11 2.77115e+11 2.73402e+11 2.7131e+11 2.73942e+11 2.74283e+11 5.22257e+11
 260 3.11661e+11 3.10669e+11 3.09441e+11 3.13231e+11 3.08947e+11 3.06445e+11 3.09541e+11 3.0996e+11 5.87578e+11
 280 3.49323e+11 3.48191e+11 3.46723e+11 3.51079e+11 3.46167e+11 3.43224e+11 3.46823e+11 3.47325e+11 6.54902e+11
 300 3.88624e+11 3.8734e+11 3.85615e+11 3.90595e+11 3.84996e+11 3.81587e+11 3.85726e+11 3.86313e+11 7.24663e+11
 320 4.2951e+11 4.28047e+11 4.26055e+11 4.31722e+11 4.25384e+11 4.21482e+11 4.26196e+11 4.26866e+11 7.96926e+11
 340 4.71954e+11 4.70297e+11 4.68019e+11 4.74426e+11 4.6731e+11 4.62883e+11 4.68206e+11 4.6896e+11 8.71367e+11
 360 5.15973e+11 5.14108e+11 5.11516e+11 5.18714e+11 5.10772e+11 5.05806e+11 5.11764e+11 5.12605e+11 9.47781e+11
 380 5.61575e+11 5.59481e+11 5.56555e+11 5.64611e+11 5.55781e+11 5.50259e+11 5.56884e+11 5.57812e+11 1.02633e+12
 400 6.08715e+11 6.06381e+11 6.03106e+11 6.12081e+11 6.02305e+11 5.9621e+11 6.03532e+11 6.04546e+11 1.10727e+12
 400 6.08819e+11 6.07009e+11 6.03106e+11 6.11328e+11 6.02815e+11 5.96413e+11 6.03519e+11 6.04636e+11 1.10829e+12
 800 1.824e+12 1.81685e+12 1.79919e+12 1.83354e+12 1.79776e+12 1.7768e+12 1.8027e+12 1.80696e+12 3.19694e+12
 1200 3.4539e+12 3.43944e+12 3.3993e+12 3.4698e+12 3.395e+12 3.35148e+12 3.40543e+12 3.41561e+12 5.99168e+12
 1600 5.39567e+12 5.36936e+12 5.2994e+12 5.4136e+12 5.29107e+12 5.21722e+12 5.3073e+12 5.3263e+12 9.31865e+12
 2000 7.58102e+12 7.53852e+12 7.42874e+12 7.59856e+12 7.42176e+12 7.30565e+12 7.44199e+12 7.47163e+12 1.30564e+13
 2400 9.9629e+12 9.90315e+12 9.73745e+12 9.97686e+12 9.73857e+12 9.56979e+12 9.76174e+12 9.80418e+12 1.71271e+13
 2800 1.25079e+13 1.24234e+13 1.2192e+13 1.25142e+13 1.22097e+13 1.19742e+13 1.22327e+13 1.22894e+13 2.14739e+13
 3200 1.51925e+13 1.50724e+13 1.47687e+13 1.5187e+13 1.48103e+13 1.44919e+13 1.48298e+13 1.49023e+13 2.60418e+13
 3600 1.7997e+13 1.7832e+13 1.74467e+13 1.79707e+13 1.75205e+13 1.71058e+13 1.75323e+13 1.76228e+13 3.07996e+13
 4000 2.0903e+13 2.06889e+13 2.02077e+13 2.08427e+13 2.03231e+13 1.98011e+13 2.03223e+13 2.04333e+13 3.57193e+13
 4400 2.38961e+13 2.36312e+13 2.30368e+13 2.37885e+13 2.32055e+13 2.25674e+13 2.31871e+13 2.33208e+13 4.07735e+13
 4800 2.69627e+13 2.66485e+13 2.59213e+13 2.67977e+13 2.61544e+13 2.5398e+13 2.61167e+13 2.62744e+13 4.59365e+13
 5200 3.00938e+13 2.97281e+13 2.88525e+13 2.98595e+13 2.91579e+13 2.82796e+13 2.9099e+13 2.92826e+13 5.11983e+13
 5600 3.32825e+13 3.28657e+13 3.18228e+13 3.29701e+13 3.22065e+13 3.12093e+13 3.21286e+13 3.234e+13 5.65492e+13
 6000 3.652e+13 3.60507e+13 3.48242e+13 3.61223e+13 3.52939e+13 3.41746e+13 3.51969e+13 3.54375e+13 6.19681e+13
 6400 3.97994e+13 3.92768e+13 3.78498e+13 3.93066e+13 3.84155e+13 3.71713e+13 3.82978e+13 3.85688e+13 6.74479e+13
 6800 4.31158e+13 4.25392e+13 4.08948e+13 4.25134e+13 4.1565e+13 4.01943e+13 4.14242e+13 4.17278e+13 7.29813e+13
 7200 4.64658e+13 4.58294e+13 4.39559e+13 4.5748e+13 4.47348e+13 4.32423e+13 4.4575e+13 4.49118e+13 7.85616e+13
 7600 4.98449e+13 4.91464e+13 4.70317e+13 4.90078e+13 4.79217e+13 4.63129e+13 4.77475e+13 4.81182e+13 8.41868e+13
 8000 5.32503e+13 5.24863e+13 5.01248e+13 5.22936e+13 5.11214e+13 4.94032e+13 5.09394e+13 5.13452e+13 8.9854e+13
 8000 5.32118e+13 5.25513e+13 4.98209e+13 5.24093e+13 5.00121e+13 4.96171e+13 5.06795e+13 5.11522e+13 8.98415e+13
 16000 1.24323e+14 1.22673e+14 1.13387e+14 1.19261e+14 1.15298e+14 1.13487e+14 1.16015e+14 1.1766e+14 2.07691e+14
 24000 1.95977e+14 1.96034e+14 1.78901e+14 1.86999e+14 1.83031e+14 1.79371e+14 1.83134e+14 1.86002e+14 3.27519e+14
 32000 2.70009e+14 2.70896e+14 2.47343e+14 2.54185e+14 2.51394e+14 2.47762e+14 2.51113e+14 2.55768e+14 4.52958e+14
 40000 3.47513e+14 3.4604e+14 3.18022e+14 3.21003e+14 3.20135e+14 3.16927e+14 3.19355e+14 3.2649e+14 5.80349e+14
 48000 4.2786e+14 4.22941e+14 3.91627e+14 3.88563e+14 3.89364e+14 3.866e+14 3.88176e+14 3.98562e+14 7.10545e+14
 56000 5.09524e+14 5.04902e+14 4.66811e+14 4.56727e+14 4.59888e+14 4.57286e+14 4.57967e+14 4.72278e+14 8.40866e+14
 64000 5.89982e+14 5.87834e+14 5.4295e+14 5.25483e+14 5.322e+14 5.28734e+14 5.28806e+14 5.46719e+14 9.65292e+14
 72000 6.69443e+14 6.71296e+14 6.19202e+14 5.94167e+14 6.04667e+14 5.9751e+14 5.98781e+14 6.20594e+14 1.08941e+15
 80000 7.47798e+14 7.57857e+14 6.95415e+14 6.62943e+14 6.77001e+14 6.66227e+14 6.68724e+14 6.9471e+14 1.21797e+15
 88000 8.24056e+14 8.45225e+14 7.70605e+14 7.30309e+14 7.5124e+14 7.34872e+14 7.38807e+14 7.68602e+14 1.34463e+15
 96000 8.98241e+14 9.32932e+14 8.45901e+14 7.9486e+14 8.27099e+14 8.03521e+14 8.08493e+14 8.42039e+14 1.47145e+15
 104000 9.71402e+14 1.02156e+15 9.21515e+14 8.5917e+14 9.04714e+14 8.71485e+14 8.78456e+14 9.15671e+14 1.59533e+15
 112000 1.04392e+15 1.11117e+15 9.9705e+14 9.23462e+14 9.85446e+14 9.3664e+14 9.48516e+14 9.89395e+14 1.71787e+15
 120000 1.1137e+15 1.20042e+15 1.07135e+15 9.88965e+14 1.06682e+15 9.97571e+14 1.01778e+15 1.06207e+15 1.83722e+15
 128000 1.18409e+15 1.29073e+15 1.14716e+15 1.05575e+15 1.14742e+15 1.05933e+15 1.0875e+15 1.13543e+15 1.95635e+15
 136000 1.25634e+15 1.38226e+15 1.22298e+15 1.12355e+15 1.23015e+15 1.11796e+15 1.15722e+15 1.20921e+15 2.07278e+15
 144000 1.33265e+15 1.47404e+15 1.29948e+15 1.19018e+15 1.31386e+15 1.17727e+15 1.2271e+15 1.28375e+15 2.18927e+15
 152000 1.40781e+15 1.56337e+15 1.37682e+15 1.25441e+15 1.39814e+15 1.23758e+15 1.29671e+15 1.35776e+15 2.3029e+15
 160000 1.48238e+15 1.65425e+15 1.45464e+15 1.31646e+15 1.48487e+15 1.2965e+15 1.36594e+15 1.43173e+15 2.4159e+15
 160000 1.33961e+15 1.62678e+15 1.47353e+15 1.27258e+15 1.42369e+15 1.32764e+15 1.3413e+15 1.39677e+15 2.38324e+15
 320000 2.8135e+15 3.36744e+15 3.18328e+15 2.56082e+15 3.27622e+15 2.59469e+15 2.81058e+15 2.93491e+15 4.7393e+15
 480000 4.22025e+15 5.00071e+15 5.26366e+15 4.10302e+15 5.26432e+15 3.96239e+15 4.44324e+15 4.59723e+15 7.11207e+15
 640000 5.67523e+15 6.52084e+15 7.08774e+15 5.60954e+15 7.57465e+15 5.42545e+15 6.20321e+15 6.2931e+15 9.60938e+15
 800000 7.12343e+15 8.23306e+15 8.81505e+15 6.95986e+15 9.64444e+15 6.96928e+15 7.85786e+15 7.93759e+15 1.2266e+16
 960000 8.54074e+15 9.91667e+15 1.01757e+16 8.63007e+15 1.19239e+16 8.28877e+15 9.61426e+15 9.58631e+15 1.48144e+16
 1.12e+06 9.93338e+15 1.16181e+16 1.11809e+16 1.03272e+16 1.43322e+16 9.48449e+15 1.13813e+16 1.11931e+16 1.75374e+16
 1.28e+06 1.14151e+16 1.3559e+16 1.21407e+16 1.20466e+16 1.65395e+16 1.06212e+16 1.30691e+16 1.27901e+16 2.02309e+16
 1.44e+06 1.31919e+16 1.59356e+16 1.33119e+16 1.37226e+16 1.89515e+16 1.16102e+16 1.47614e+16 1.45154e+16 2.28361e+16
 1.6e+06 1.51085e+16 1.817e+16 1.44916e+16 1.52108e+16 2.13167e+16 1.27668e+16 1.64315e+16 1.62282e+16 2.58194e+16
 1.76e+06 1.71388e+16 2.02454e+16 1.57017e+16 1.65042e+16 2.37191e+16 1.38854e+16 1.80362e+16 1.78999e+16 2.83601e+16
 1.92e+06 1.91968e+16 2.21587e+16 1.69394e+16 1.81549e+16 2.61205e+16 1.53818e+16 1.98857e+16 1.97041e+16 3.13767e+16
 2.08e+06 2.10379e+16 2.41262e+16 1.81312e+16 1.99428e+16 2.85893e+16 1.67228e+16 2.17517e+16 2.14904e+16 3.39705e+16
 2.24e+06 2.30753e+16 2.6391e+16 1.96787e+16 2.18685e+16 3.09536e+16 1.83583e+16 2.37268e+16 2.34554e+16 3.63506e+16
 2.4e+06 2.50476e+16 2.88235e+16 2.12061e+16 2.37377e+16 3.30824e+16 1.99715e+16 2.55972e+16 2.53686e+16 3.87339e+16
 2.56e+06 2.68752e+16 3.11226e+16 2.30684e+16 2.57421e+16 3.51231e+16 2.16558e+16 2.7507e+16 2.7313e+16 4.07302e+16
 2.72e+06 2.86151e+16 3.35578e+16 2.51354e+16 2.76982e+16 3.69194e+16 2.362e+16 2.94125e+16 2.92886e+16 4.24057e+16
 2.88e+06 3.04373e+16 3.60895e+16 2.73031e+16 2.98347e+16 3.88335e+16 2.55685e+16 3.14122e+16 3.1358e+16 4.46126e+16
 3.04e+06 3.22585e+16 3.84382e+16 2.95034e+16 3.20079e+16 4.04949e+16 2.76226e+16 3.33751e+16 3.33851e+16 4.64697e+16
 3.2e+06 3.39761e+16 4.06221e+16 3.13947e+16 3.43895e+16 4.20189e+16 2.96439e+16 3.53508e+16 3.53428e+16 4.89129e+16
 3.2e+06 4.48393e+16 3.64922e+16 4.38945e+16 2.74887e+16 5.86368e+16 2.97692e+16 3.86316e+16 3.98757e+16 3.63947e+16
 6.4e+06 6.83147e+16 9.8547e+16 6.26343e+16 6.84835e+16 8.94284e+16 6.65136e+16 7.48085e+16 7.54846e+16 8.83447e+16
 9.6e+06 1.24296e+17 1.5463e+17 1.27548e+17 1.1429e+17 1.57521e+17 1.06752e+17 1.26188e+17 1.29909e+17 1.20948e+17
 1.28e+07 1.79902e+17 2.00138e+17 1.85775e+17 1.69063e+17 2.55706e+17 1.4224e+17 1.89003e+17 1.88844e+17 1.15345e+17
 1.6e+07 2.01582e+17 2.65223e+17 2.16769e+17 2.36294e+17 2.8789e+17 1.75674e+17 2.33286e+17 2.31115e+17 9.66896e+16
 1.92e+07 2.1838e+17 3.4415e+17 3.21615e+17 2.67854e+17 2.84134e+17 1.97754e+17 2.49914e+17 2.67834e+17 1.24403e+17
 2.24e+07 1.05051e+17 4.2624e+17 3.66071e+17 2.35748e+17 2.56541e+17 1.98289e+17 2.30193e+17 2.57764e+17 1.71528e+17
 2.56e+07 9.1433e+16 5.54918e+17 5.15676e+17 2.02009e+17 1.73473e+17 1.60539e+17 1.78674e+17 2.62141e+17 2.25775e+17
 2.88e+07 3.87296e+16 7.82056e+17 5.6018e+17 2.32568e+17 7.39097e+16 1.35019e+17 1.47166e+17 2.72428e+17 1.99177e+17
 3.2e+07 3.70171e+16 1.01151e+18 7.2525e+17 1.55146e+17 3.4636e+16 2.10413e+17 1.33398e+17 3.16543e+17 7.95132e+16
 3.52e+07 2.65432e+16 1.00666e+18 7.52228e+17 1.20289e+17 1.18579e+16 2.79946e+17 1.37364e+17 3.20476e+17 5.33514e+15
 3.84e+07 7.91518e+14 7.07242e+17 7.55353e+17 1.47991e+17 1.04051e+16 5.33382e+17 2.30593e+17 3.33474e+17 1.87026e+16
