# Time-averaged data for fix PEAve
# TimeStep v_PotEn
100000 -14914.5
200000 -14894
300000 -14904.7
400000 -14905.4
500000 -14914.1
600000 -14902.4
700000 -14914.3
800000 -14918.8
900000 -14916.2
1000000 -14910.5
1100000 -14914
1200000 -14901.5
1300000 -14904.4
1400000 -14911.8
1500000 -14904.1
1600000 -14895.7
1700000 -14904.4
1800000 -14902
1900000 -14900.1
2000000 -14905.5
2100000 -14912.6
2200000 -14910.2
2300000 -14911.5
2400000 -14907
2500000 -14905.7
2600000 -14900.8
2700000 -14911.4
2800000 -14914.8
2900000 -14923.2
3000000 -14919.7
3100000 -14908.5
3200000 -14893.7
3300000 -14903.5
3400000 -14911.5
3500000 -14907
3600000 -14909.6
3700000 -14915.2
3800000 -14912.5
3900000 -14919.4
4000000 -14915.7
4100000 -14915
4200000 -14918
4300000 -14909.1
4400000 -14913.4
4500000 -14901.6
4600000 -14906.6
4700000 -14904.3
4800000 -14903.3
4900000 -14916.9
5000000 -14910.3
5100000 -14904.3
5200000 -14904.6
5300000 -14912.4
5400000 -14908
5500000 -14906.7
5600000 -14900.9
5700000 -14903.3
5800000 -14914.7
5900000 -14912.9
6000000 -14898.8
6100000 -14912.6
6200000 -14908.8
6300000 -14910.3
6400000 -14903.3
6500000 -14906.3
6600000 -14904.4
6700000 -14910.8
6800000 -14903.3
6900000 -14906.6
7000000 -14912
7100000 -14909.9
7200000 -14920.4
7300000 -14907.8
7400000 -14910.9
7500000 -14912.2
7600000 -14911.3
7700000 -14906.9
7800000 -14907.4
7900000 -14903.2
8000000 -14918.7
8100000 -14913.1
8200000 -14915.1
8300000 -14901.3
8400000 -14909.7
8500000 -14907.1
8600000 -14904.4
8700000 -14894
8800000 -14907
8900000 -14911.3
9000000 -14899.3
9100000 -14909.6
9200000 -14905.7
9300000 -14905.1
9400000 -14907.4
9500000 -14913.5
9600000 -14902.9
9700000 -14906.9
9800000 -14917.1
9900000 -14910.4
10000000 -14908.6
10100000 -14910.9
10200000 -14918.1
10300000 -14912.4
10400000 -14918
10500000 -14908.8
10600000 -14911.1
10700000 -14910.6
10800000 -14903.3
10900000 -14918.7
11000000 -14914.6
11100000 -14900.7
11200000 -14915.4
11300000 -14906.3
11400000 -14908.3
11500000 -14906.8
11600000 -14895.9
11700000 -14889.1
11800000 -14908.8
11900000 -14899
12000000 -14908.9
12100000 -14906.6
12200000 -14905.5
12300000 -14907.3
12400000 -14902.5
12500000 -14912.7
12600000 -14913.1
12700000 -14909.3
12800000 -14911.1
12900000 -14898.7
13000000 -14911
13100000 -14911.1
13200000 -14914.8
13300000 -14918
13400000 -14906.2
13500000 -14904.9
13600000 -14913.3
13700000 -14909.3
13800000 -14900.2
13900000 -14900.2
14000000 -14900.9
14100000 -14913
14200000 -14906
14300000 -14909.4
14400000 -14904.6
14500000 -14897
14600000 -14898.7
14700000 -14901.7
14800000 -14905.3
14900000 -14902.1
15000000 -14903.3
15100000 -14917.3
15200000 -14909.7
15300000 -14917.7
15400000 -14915.6
15500000 -14905.8
15600000 -14888.8
15700000 -14910.3
15800000 -14902.7
15900000 -14908.7
16000000 -14917.3
16100000 -14915.2
16200000 -14906.3
16300000 -14911.8
16400000 -14905.4
16500000 -14913
16600000 -14923.3
16700000 -14904.9
16800000 -14901.8
16900000 -14905.6
17000000 -14911.1
17100000 -14910.3
17200000 -14906
17300000 -14910
17400000 -14912.9
17500000 -14904.2
17600000 -14904.8
17700000 -14905.1
17800000 -14919
17900000 -14924.1
18000000 -14913.1
18100000 -14910.2
18200000 -14914.2
18300000 -14908.8
18400000 -14904.9
18500000 -14918.5
18600000 -14912.8
18700000 -14902.8
18800000 -14904
18900000 -14914.5
19000000 -14909.1
19100000 -14904.7
19200000 -14898.9
19300000 -14907.5
19400000 -14907.4
19500000 -14902.8
19600000 -14909.5
19700000 -14905.5
19800000 -14909.3
19900000 -14907.2
20000000 -14902
20100000 -14906.3
20200000 -14910.3
20300000 -14906.2
20400000 -14897.8
20500000 -14905.3
20600000 -14916.5
20700000 -14905.6
20800000 -14907.5
20900000 -14902.3
21000000 -14903.7
21100000 -14902
21200000 -14902.9
21300000 -14903.2
21400000 -14916.7
21500000 -14909.7
21600000 -14920.8
21700000 -14910
21800000 -14909.8
21900000 -14916.1
22000000 -14901.9
22100000 -14911.7
22200000 -14899
22300000 -14905.4
22400000 -14901.2
22500000 -14904.7
22600000 -14908.7
22700000 -14898
22800000 -14913.8
22900000 -14918
23000000 -14905.5
23100000 -14896.2
23200000 -14903.7
23300000 -14899.3
23400000 -14908
23500000 -14907.6
23600000 -14908.6
23700000 -14908.4
23800000 -14897.1
23900000 -14905.7
24000000 -14903.2
24100000 -14905.8
24200000 -14897.6
24300000 -14911.3
24400000 -14911.5
24500000 -14914.4
24600000 -14906.7
24700000 -14915.1
24800000 -14904.2
24900000 -14908.1
25000000 -14908.8
25100000 -14911.9
25200000 -14908.1
25300000 -14900
25400000 -14909.8
25500000 -14893.9
25600000 -14914.6
25700000 -14911.9
25800000 -14905.9
25900000 -14914.5
26000000 -14905.9
26100000 -14902.9
26200000 -14907.2
26300000 -14914.7
26400000 -14909.8
26500000 -14908.1
26600000 -14913
26700000 -14910.2
26800000 -14905.5
26900000 -14904.6
27000000 -14908.1
27100000 -14913.7
27200000 -14918.4
27300000 -14895.6
27400000 -14917
27500000 -14905.7
27600000 -14910.1
27700000 -14909
27800000 -14908.6
27900000 -14911.9
28000000 -14910.3
28100000 -14910.1
28200000 -14900.7
28300000 -14917.4
28400000 -14919.4
28500000 -14905
28600000 -14901.4
28700000 -14913.3
28800000 -14906.6
28900000 -14900.9
29000000 -14903.4
29100000 -14919
29200000 -14922
29300000 -14912
29400000 -14909.1
29500000 -14906.3
29600000 -14905.2
29700000 -14913.8
29800000 -14916.1
29900000 -14904.4
30000000 -14896.1
30100000 -14896
30200000 -14908.6
30300000 -14898.5
30400000 -14915.7
30500000 -14916.1
30600000 -14908.3
30700000 -14907.5
30800000 -14909.6
30900000 -14908.8
31000000 -14907.6
31100000 -14909.9
31200000 -14907.2
31300000 -14922.6
31400000 -14915
31500000 -14905.8
31600000 -14889.1
31700000 -14906.6
31800000 -14907.8
31900000 -14917.3
32000000 -14912.9
32100000 -14906.3
32200000 -14905.4
32300000 -14907.2
32400000 -14900
32500000 -14905.3
32600000 -14909.1
32700000 -14903.3
32800000 -14915.4
32900000 -14898
33000000 -14913.1
33100000 -14908.2
33200000 -14900.4
33300000 -14903.7
33400000 -14905.2
33500000 -14902.4
33600000 -14909.3
33700000 -14920.2
33800000 -14913.1
33900000 -14906.7
34000000 -14901.5
34100000 -14913.7
34200000 -14899.7
34300000 -14908.5
34400000 -14910.6
34500000 -14900.4
34600000 -14895
34700000 -14903.3
34800000 -14908.3
34900000 -14918.9
35000000 -14906.2
35100000 -14898.4
35200000 -14909.7
35300000 -14910.3
35400000 -14899.4
35500000 -14913.2
35600000 -14910.2
35700000 -14907.1
35800000 -14903.6
35900000 -14916.9
36000000 -14911.1
36100000 -14916.4
36200000 -14902.2
36300000 -14910.1
36400000 -14908.5
36500000 -14907.1
36600000 -14908.7
36700000 -14905
36800000 -14908.4
36900000 -14913.8
37000000 -14909.6
37100000 -14900.8
37200000 -14900
37300000 -14907.8
37400000 -14911.7
37500000 -14909.3
37600000 -14907.8
37700000 -14903.6
37800000 -14899.3
37900000 -14904.3
38000000 -14903.3
38100000 -14906.6
38200000 -14908.1
38300000 -14909.7
38400000 -14901.2
38500000 -14907.8
38600000 -14907.4
38700000 -14899.4
38800000 -14912.3
38900000 -14909.1
39000000 -14915.4
39100000 -14907.4
39200000 -14905.5
39300000 -14914.7
39400000 -14903.8
39500000 -14914.3
39600000 -14904.8
39700000 -14904.3
39800000 -14908.9
39900000 -14925.3
40000000 -14916.3
40100000 -14907.5
40200000 -14898.5
40300000 -14908.5
40400000 -14912.6
40500000 -14922.1
40600000 -14905.2
40700000 -14911.3
40800000 -14911.2
40900000 -14901.8
41000000 -14903.5
41100000 -14904.8
41200000 -14902.3
41300000 -14912
41400000 -14907.7
41500000 -14917.9
41600000 -14911.1
41700000 -14901.8
41800000 -14913.3
41900000 -14900.7
42000000 -14901.5
42100000 -14903.1
42200000 -14913.5
42300000 -14915.6
42400000 -14911.7
42500000 -14909.5
42600000 -14914.6
42700000 -14909.1
42800000 -14909.3
42900000 -14911.6
43000000 -14903.7
43100000 -14922.6
43200000 -14913.7
43300000 -14904.7
43400000 -14913.5
43500000 -14903.6
43600000 -14909.1
43700000 -14906.2
43800000 -14898.7
43900000 -14903.8
44000000 -14907
44100000 -14903.7
44200000 -14905.8
44300000 -14903.2
44400000 -14906.7
44500000 -14910.1
44600000 -14896.8
44700000 -14911.6
44800000 -14905.2
44900000 -14916.4
45000000 -14902.1
