#NOTE: MSDs should be divided by the temperature.
#NOTE: MSDs have been divided by 2 or 10 (i.e., the viscosity computed from all components).
#Time	MSD_xx	MSD_yy	MSD_zz	MSD_xy	MSD_xz	MSD_yz	MSD_off	MSD_all	MSD_bulkvisc
 10 1.84465e+09 1.84927e+09 1.84885e+09 1.84434e+09 1.85062e+09 1.85262e+09 1.84919e+09 1.84855e+09 2.23314e+09
 20 6.63092e+09 6.64775e+09 6.6478e+09 6.62711e+09 6.65273e+09 6.66275e+09 6.64753e+09 6.64538e+09 8.46185e+09
 30 1.32586e+10 1.32916e+10 1.32953e+10 1.32416e+10 1.32994e+10 1.33278e+10 1.32896e+10 1.32865e+10 1.78631e+10
 40 2.09666e+10 2.10154e+10 2.10274e+10 2.09207e+10 2.10224e+10 2.10845e+10 2.10092e+10 2.10068e+10 2.97232e+10
 50 2.93851e+10 2.9446e+10 2.94718e+10 2.92928e+10 2.94502e+10 2.95644e+10 2.94358e+10 2.94352e+10 4.35034e+10
 60 3.84091e+10 3.84783e+10 3.85231e+10 3.82544e+10 3.84817e+10 3.86669e+10 3.84677e+10 3.84687e+10 5.88555e+10
 70 4.79611e+10 4.80363e+10 4.81045e+10 4.77308e+10 4.80432e+10 4.83174e+10 4.80305e+10 4.80319e+10 7.56329e+10
 80 5.79124e+10 5.79925e+10 5.80881e+10 5.75963e+10 5.80068e+10 5.83875e+10 5.79969e+10 5.79972e+10 9.38233e+10
 90 6.81031e+10 6.81854e+10 6.83109e+10 6.76916e+10 6.8209e+10 6.8717e+10 6.82059e+10 6.82034e+10 1.13458e+11
 100 7.84339e+10 7.85132e+10 7.86697e+10 7.79142e+10 7.85454e+10 7.92046e+10 7.85547e+10 7.85484e+10 1.3454e+11
 110 8.89407e+10 8.90125e+10 8.92007e+10 8.82974e+10 8.90505e+10 8.98829e+10 8.90769e+10 8.90667e+10 1.56995e+11
 120 9.97819e+10 9.98454e+10 1.00066e+11 9.90022e+10 9.98866e+10 1.00907e+11 9.99319e+10 9.99183e+10 1.8066e+11
 130 1.11146e+11 1.11204e+11 1.11461e+11 1.10222e+11 1.11247e+11 1.12465e+11 1.11311e+11 1.11295e+11 2.05317e+11
 140 1.23154e+11 1.2321e+11 1.23508e+11 1.22079e+11 1.23253e+11 1.24679e+11 1.23337e+11 1.23319e+11 2.30754e+11
 150 1.35827e+11 1.35885e+11 1.36228e+11 1.34598e+11 1.3593e+11 1.37575e+11 1.36034e+11 1.36013e+11 2.56823e+11
 160 1.49119e+11 1.4918e+11 1.49573e+11 1.47732e+11 1.49235e+11 1.51109e+11 1.49359e+11 1.49331e+11 2.8346e+11
 170 1.62968e+11 1.63033e+11 1.63479e+11 1.61419e+11 1.63108e+11 1.65223e+11 1.6325e+11 1.63214e+11 3.10683e+11
 180 1.7733e+11 1.77404e+11 1.77904e+11 1.75618e+11 1.77507e+11 1.79873e+11 1.77666e+11 1.77618e+11 3.38561e+11
 190 1.92189e+11 1.92278e+11 1.92834e+11 1.9031e+11 1.92414e+11 1.95042e+11 1.92588e+11 1.92526e+11 3.67176e+11
 200 2.07535e+11 2.07647e+11 2.08257e+11 2.05486e+11 2.07817e+11 2.1072e+11 2.08008e+11 2.0793e+11 3.96569e+11
 200 2.07612e+11 2.07812e+11 2.08467e+11 2.05574e+11 2.07741e+11 2.10741e+11 2.08019e+11 2.07997e+11 3.96255e+11
 400 6.03381e+11 6.03043e+11 6.06066e+11 5.95362e+11 6.04898e+11 6.16294e+11 6.05518e+11 6.04976e+11 1.1053e+12
 600 1.14543e+12 1.14292e+12 1.15336e+12 1.12988e+12 1.14875e+12 1.17305e+12 1.15056e+12 1.14923e+12 2.04318e+12
 800 1.80557e+12 1.8027e+12 1.82407e+12 1.78148e+12 1.81199e+12 1.85324e+12 1.81557e+12 1.81366e+12 3.19787e+12
 1000 2.56585e+12 2.5635e+12 2.60043e+12 2.53308e+12 2.57493e+12 2.63717e+12 2.58173e+12 2.57967e+12 4.52407e+12
 1200 3.41236e+12 3.41187e+12 3.46611e+12 3.3707e+12 3.42168e+12 3.51002e+12 3.43414e+12 3.43253e+12 5.99864e+12
 1400 4.33425e+12 4.33619e+12 4.41149e+12 4.28388e+12 4.34041e+12 4.45983e+12 4.36137e+12 4.36108e+12 7.61388e+12
 1600 5.32319e+12 5.32783e+12 5.4268e+12 5.26179e+12 5.32185e+12 5.48013e+12 5.35459e+12 5.35646e+12 9.35055e+12
 1800 6.37126e+12 6.37759e+12 6.50477e+12 6.29742e+12 6.35984e+12 6.56299e+12 6.40675e+12 6.4112e+12 1.11932e+13
 2000 7.47283e+12 7.47836e+12 7.63826e+12 7.38486e+12 7.44774e+12 7.70362e+12 7.51207e+12 7.51917e+12 1.31317e+13
 2200 8.62096e+12 8.62642e+12 8.8207e+12 8.51948e+12 8.58227e+12 8.89507e+12 8.66561e+12 8.67511e+12 1.51574e+13
 2400 9.81179e+12 9.81681e+12 1.0047e+13 9.69745e+12 9.75849e+12 1.01333e+13 9.86309e+12 9.87461e+12 1.72581e+13
 2600 1.10429e+13 1.10469e+13 1.13153e+13 1.09153e+13 1.09737e+13 1.14132e+13 1.11007e+13 1.11145e+13 1.94302e+13
 2800 1.23115e+13 1.23134e+13 1.26215e+13 1.21691e+13 1.2224e+13 1.27308e+13 1.23746e+13 1.2391e+13 2.1671e+13
 3000 1.36145e+13 1.36143e+13 1.39629e+13 1.34555e+13 1.35065e+13 1.40845e+13 1.36821e+13 1.37015e+13 2.39733e+13
 3200 1.49492e+13 1.49467e+13 1.53377e+13 1.47716e+13 1.48183e+13 1.54701e+13 1.502e+13 1.50432e+13 2.6334e+13
 3400 1.63123e+13 1.6309e+13 1.67439e+13 1.61156e+13 1.61564e+13 1.68853e+13 1.63858e+13 1.64135e+13 2.87499e+13
 3600 1.77007e+13 1.7699e+13 1.81789e+13 1.74847e+13 1.752e+13 1.8329e+13 1.77779e+13 1.78105e+13 3.12151e+13
 3800 1.9112e+13 1.91123e+13 1.96402e+13 1.88754e+13 1.89077e+13 1.97986e+13 1.91939e+13 1.92316e+13 3.37253e+13
 4000 2.05457e+13 2.05477e+13 2.11246e+13 2.02864e+13 2.03181e+13 2.12926e+13 2.06324e+13 2.06751e+13 3.62782e+13
 4000 2.0448e+13 2.07505e+13 2.1121e+13 2.04024e+13 2.02002e+13 2.13402e+13 2.06476e+13 2.06978e+13 3.63211e+13
 8000 5.12648e+13 5.22248e+13 5.37585e+13 5.13297e+13 5.1391e+13 5.44134e+13 5.23781e+13 5.23933e+13 9.23779e+13
 12000 8.42065e+13 8.73232e+13 8.85094e+13 8.4306e+13 8.45767e+13 8.99823e+13 8.62884e+13 8.64449e+13 1.5544e+14
 16000 1.18207e+14 1.23943e+14 1.2282e+14 1.18059e+14 1.17964e+14 1.2714e+14 1.21054e+14 1.21295e+14 2.24433e+14
 20000 1.5308e+14 1.61163e+14 1.55859e+14 1.52554e+14 1.52644e+14 1.65726e+14 1.56975e+14 1.56865e+14 2.97688e+14
 24000 1.88488e+14 1.9809e+14 1.88177e+14 1.87284e+14 1.88264e+14 2.04546e+14 1.93365e+14 1.92653e+14 3.7426e+14
 28000 2.24453e+14 2.34488e+14 2.20856e+14 2.22193e+14 2.23452e+14 2.43199e+14 2.29614e+14 2.28408e+14 4.52854e+14
 32000 2.60559e+14 2.70351e+14 2.54274e+14 2.57547e+14 2.59791e+14 2.82575e+14 2.66638e+14 2.64674e+14 5.32561e+14
 36000 2.97828e+14 3.06881e+14 2.89638e+14 2.93313e+14 2.96622e+14 3.22236e+14 3.04057e+14 3.0168e+14 6.12388e+14
 40000 3.3526e+14 3.4378e+14 3.25539e+14 3.28736e+14 3.33412e+14 3.62587e+14 3.41578e+14 3.38891e+14 6.90115e+14
 44000 3.72335e+14 3.81053e+14 3.62209e+14 3.63792e+14 3.69449e+14 4.03111e+14 3.78784e+14 3.76017e+14 7.66245e+14
 48000 4.0915e+14 4.18661e+14 3.98536e+14 3.98376e+14 4.03661e+14 4.44262e+14 4.15433e+14 4.12773e+14 8.41484e+14
 52000 4.45732e+14 4.56196e+14 4.34192e+14 4.33761e+14 4.36533e+14 4.85413e+14 4.51902e+14 4.49291e+14 9.15737e+14
 56000 4.8206e+14 4.93774e+14 4.69853e+14 4.70127e+14 4.6892e+14 5.26986e+14 4.88678e+14 4.85965e+14 9.91361e+14
 60000 5.17815e+14 5.32028e+14 5.06368e+14 5.06842e+14 5.01022e+14 5.68936e+14 5.256e+14 5.22855e+14 1.06813e+15
 64000 5.53649e+14 5.71034e+14 5.43885e+14 5.44016e+14 5.34253e+14 6.10456e+14 5.62908e+14 5.60221e+14 1.14535e+15
 68000 5.89383e+14 6.10542e+14 5.81993e+14 5.81561e+14 5.6702e+14 6.51298e+14 5.9996e+14 5.97565e+14 1.22184e+15
 72000 6.26399e+14 6.50391e+14 6.20338e+14 6.18995e+14 5.99875e+14 6.91937e+14 6.36936e+14 6.35112e+14 1.29793e+15
 76000 6.6418e+14 6.88921e+14 6.57844e+14 6.56795e+14 6.3233e+14 7.32459e+14 6.73861e+14 6.72443e+14 1.37357e+15
 80000 7.02417e+14 7.26187e+14 6.94034e+14 6.95272e+14 6.64446e+14 7.7161e+14 7.10443e+14 7.09284e+14 1.4476e+15
 80000 7.08377e+14 7.48058e+14 7.52033e+14 6.55597e+14 6.5958e+14 7.90378e+14 7.01851e+14 7.15573e+14 1.43266e+15
 160000 1.425e+15 1.43229e+15 1.37534e+15 1.47368e+15 1.32584e+15 1.52983e+15 1.44312e+15 1.43022e+15 2.66721e+15
 240000 2.09367e+15 2.11745e+15 1.91747e+15 2.37446e+15 1.97751e+15 2.35244e+15 2.2348e+15 2.15803e+15 4.01615e+15
 320000 2.82204e+15 2.68967e+15 2.46034e+15 3.25044e+15 2.55286e+15 3.13338e+15 2.97889e+15 2.85028e+15 5.38414e+15
 400000 3.66019e+15 3.35535e+15 3.1558e+15 4.22091e+15 3.23287e+15 3.89701e+15 3.7836e+15 3.62634e+15 6.8282e+15
 480000 4.41191e+15 3.94992e+15 3.86994e+15 5.34342e+15 4.06683e+15 4.75519e+15 4.72181e+15 4.46399e+15 8.10064e+15
 560000 5.04574e+15 4.34575e+15 4.56987e+15 6.40004e+15 4.91493e+15 5.60303e+15 5.63933e+15 5.24511e+15 9.62858e+15
 640000 5.76997e+15 4.84615e+15 5.38186e+15 7.52152e+15 5.73783e+15 6.68463e+15 6.64799e+15 6.12186e+15 1.10658e+16
 720000 6.47723e+15 5.20858e+15 6.21604e+15 8.68738e+15 6.70123e+15 7.77799e+15 7.7222e+15 7.02023e+15 1.23689e+16
 800000 7.16901e+15 5.69133e+15 6.92519e+15 9.93113e+15 7.80797e+15 9.02806e+15 8.92239e+15 7.9915e+15 1.42615e+16
 880000 7.88686e+15 6.04521e+15 7.732e+15 1.11079e+16 8.92524e+15 1.02061e+16 1.00798e+16 8.9364e+15 1.63841e+16
 960000 8.56143e+15 6.51886e+15 8.48718e+15 1.22492e+16 9.82136e+15 1.16408e+16 1.12371e+16 9.88459e+15 1.82102e+16
 1.04e+06 9.19537e+15 6.97109e+15 9.26224e+15 1.33299e+16 1.08262e+16 1.32382e+16 1.24648e+16 1.08694e+16 2.00046e+16
 1.12e+06 9.97901e+15 7.55397e+15 1.03175e+16 1.45136e+16 1.19167e+16 1.48738e+16 1.3768e+16 1.19742e+16 2.17795e+16
 1.2e+06 1.08522e+16 8.13759e+15 1.13143e+16 1.57454e+16 1.31959e+16 1.66272e+16 1.51895e+16 1.31542e+16 2.34723e+16
 1.28e+06 1.16371e+16 8.65278e+15 1.21959e+16 1.67786e+16 1.45142e+16 1.81983e+16 1.6497e+16 1.42297e+16 2.51015e+16
 1.36e+06 1.23501e+16 9.10121e+15 1.30645e+16 1.78895e+16 1.57617e+16 1.98318e+16 1.78277e+16 1.52987e+16 2.67911e+16
 1.44e+06 1.31678e+16 9.70806e+15 1.39702e+16 1.89894e+16 1.70734e+16 2.15586e+16 1.92071e+16 1.64371e+16 2.80397e+16
 1.52e+06 1.42011e+16 1.02892e+16 1.49973e+16 1.99816e+16 1.84543e+16 2.32726e+16 2.05695e+16 1.76067e+16 2.89117e+16
 1.6e+06 1.51712e+16 1.0819e+16 1.60328e+16 2.09712e+16 1.98352e+16 2.4872e+16 2.18928e+16 1.87387e+16 2.97995e+16
 1.6e+06 1.57051e+16 1.54662e+16 1.78815e+16 2.87619e+16 1.91858e+16 2.27248e+16 2.35575e+16 2.06749e+16 1.99114e+16
 3.2e+06 4.76764e+16 2.587e+16 4.28266e+16 4.42453e+16 6.06516e+16 5.05279e+16 5.18082e+16 4.66013e+16 1.93129e+16
 4.8e+06 6.29745e+16 4.94004e+16 6.40505e+16 2.99604e+16 9.91897e+16 6.27419e+16 6.3964e+16 6.19018e+16 1.43566e+16
 6.4e+06 5.2602e+16 6.15478e+16 9.87029e+16 4.29546e+16 1.29002e+17 6.05559e+16 7.75041e+16 7.48828e+16 2.5732e+16
 8e+06 4.04702e+16 8.07411e+16 1.40366e+17 3.91781e+16 1.88447e+17 8.22195e+16 1.03282e+17 9.68459e+16 2.22424e+16
 9.6e+06 3.55145e+16 1.23644e+17 1.82673e+17 5.5174e+16 2.59205e+17 1.18676e+17 1.44352e+17 1.32189e+17 1.12055e+16
 1.12e+07 2.67254e+16 1.72959e+17 1.93327e+17 8.19374e+16 2.87326e+17 1.42926e+17 1.7073e+17 1.54839e+17 2.25556e+16
 1.28e+07 2.59584e+16 2.77645e+17 1.86522e+17 4.35062e+16 2.46249e+17 1.07014e+17 1.32257e+17 1.44704e+17 2.1398e+16
 1.44e+07 5.5237e+16 2.6839e+17 8.40596e+16 2.38589e+15 2.348e+17 5.31851e+16 9.67904e+16 1.12432e+17 1.05337e+16
 1.6e+07 1.39204e+17 3.65214e+17 5.34669e+16 2.11341e+16 2.34371e+17 1.35466e+16 8.96838e+16 1.28195e+17 1.11989e+17
