#NOTE: MSDs should be divided by the temperature.
#NOTE: MSDs have been divided by 2 or 10 (i.e., the viscosity computed from all components).
#Time	MSD_xx	MSD_yy	MSD_zz	MSD_xy	MSD_xz	MSD_yz	MSD_off	MSD_all	MSD_bulkvisc
 20 6.70852e+09 6.70959e+09 6.71755e+09 6.72113e+09 6.7033e+09 6.72752e+09 6.71732e+09 6.71514e+09 8.46768e+09
 40 2.1082e+10 2.10891e+10 2.11222e+10 2.11257e+10 2.10757e+10 2.11621e+10 2.11212e+10 2.11118e+10 2.96404e+10
 60 3.85288e+10 3.85472e+10 3.86163e+10 3.86134e+10 3.85298e+10 3.87012e+10 3.86148e+10 3.85945e+10 5.85883e+10
 80 5.80134e+10 5.80619e+10 5.81702e+10 5.81593e+10 5.80379e+10 5.83272e+10 5.81748e+10 5.81376e+10 9.32699e+10
 100 7.84742e+10 7.85641e+10 7.87361e+10 7.87036e+10 7.85562e+10 7.90041e+10 7.87546e+10 7.86894e+10 1.33599e+11
 120 9.97064e+10 9.98318e+10 1.00113e+11 1.00045e+11 9.98854e+10 1.00537e+11 1.00156e+11 1.00047e+11 1.79241e+11
 140 1.22928e+11 1.23077e+11 1.23513e+11 1.23397e+11 1.23225e+11 1.24135e+11 1.23586e+11 1.23421e+11 2.28772e+11
 160 1.48706e+11 1.48876e+11 1.49503e+11 1.49324e+11 1.49143e+11 1.50364e+11 1.4961e+11 1.49378e+11 2.8084e+11
 180 1.76716e+11 1.76908e+11 1.77742e+11 1.77493e+11 1.77321e+11 1.78883e+11 1.77899e+11 1.77588e+11 3.35251e+11
 200 2.0671e+11 2.06941e+11 2.07988e+11 2.07667e+11 2.07512e+11 2.09442e+11 2.08207e+11 2.0781e+11 3.92528e+11
 220 2.38578e+11 2.38873e+11 2.40142e+11 2.39747e+11 2.396e+11 2.41924e+11 2.40424e+11 2.39933e+11 4.52734e+11
 240 2.72191e+11 2.72576e+11 2.74078e+11 2.73602e+11 2.73458e+11 2.76186e+11 2.74415e+11 2.73828e+11 5.15235e+11
 260 3.07488e+11 3.07978e+11 3.09733e+11 3.09172e+11 3.09033e+11 3.12179e+11 3.10128e+11 3.09437e+11 5.79526e+11
 280 3.44428e+11 3.45042e+11 3.47076e+11 3.46429e+11 3.46286e+11 3.49886e+11 3.47533e+11 3.46726e+11 6.45774e+11
 300 3.8295e+11 3.83707e+11 3.86039e+11 3.85305e+11 3.85146e+11 3.89238e+11 3.86563e+11 3.8563e+11 7.14422e+11
 320 4.23004e+11 4.23908e+11 4.26558e+11 4.25737e+11 4.25564e+11 4.3019e+11 4.27164e+11 4.26094e+11 7.85526e+11
 340 4.64567e+11 4.65621e+11 4.68618e+11 4.67715e+11 4.67518e+11 4.72717e+11 4.69317e+11 4.68097e+11 8.58762e+11
 360 5.07644e+11 5.08861e+11 5.12229e+11 5.11264e+11 5.11014e+11 5.16815e+11 5.13031e+11 5.1165e+11 9.33927e+11
 380 5.52242e+11 5.53643e+11 5.57409e+11 5.56389e+11 5.56052e+11 5.62492e+11 5.58311e+11 5.56759e+11 1.01118e+12
 400 5.9834e+11 5.99939e+11 6.04134e+11 6.03047e+11 6.02585e+11 6.09718e+11 6.05117e+11 6.03392e+11 1.09077e+12
 400 5.98054e+11 5.98463e+11 6.02803e+11 6.02731e+11 6.02047e+11 6.09692e+11 6.04823e+11 6.02803e+11 1.09081e+12
 800 1.77878e+12 1.79257e+12 1.80656e+12 1.80069e+12 1.79574e+12 1.82976e+12 1.80873e+12 1.80229e+12 3.13376e+12
 1200 3.35148e+12 3.38933e+12 3.41718e+12 3.40195e+12 3.38378e+12 3.46779e+12 3.41784e+12 3.4051e+12 5.86461e+12
 1600 5.21616e+12 5.28443e+12 5.33739e+12 5.29405e+12 5.25932e+12 5.41106e+12 5.32147e+12 5.30461e+12 9.09895e+12
 2000 7.31104e+12 7.40695e+12 7.50467e+12 7.41915e+12 7.35524e+12 7.59255e+12 7.45565e+12 7.43641e+12 1.27264e+13
 2400 9.58803e+12 9.70583e+12 9.86695e+12 9.73198e+12 9.62801e+12 9.96152e+12 9.77384e+12 9.75241e+12 1.66861e+13
 2800 1.20142e+13 1.21485e+13 1.23882e+13 1.21953e+13 1.20449e+13 1.24818e+13 1.22407e+13 1.22178e+13 2.09163e+13
 3200 1.4562e+13 1.47091e+13 1.50502e+13 1.4787e+13 1.45775e+13 1.51296e+13 1.48314e+13 1.48084e+13 2.53628e+13
 3600 1.72081e+13 1.73697e+13 1.78351e+13 1.74886e+13 1.72107e+13 1.78897e+13 1.75297e+13 1.75062e+13 2.99778e+13
 4000 1.99311e+13 2.01131e+13 2.07186e+13 2.02816e+13 1.9926e+13 2.07477e+13 2.03184e+13 2.02928e+13 3.47386e+13
 4400 2.27221e+13 2.29257e+13 2.36886e+13 2.31516e+13 2.27094e+13 2.36876e+13 2.31828e+13 2.31545e+13 3.96288e+13
 4800 2.55744e+13 2.58028e+13 2.67269e+13 2.6087e+13 2.55577e+13 2.66955e+13 2.61134e+13 2.60819e+13 4.46336e+13
 5200 2.84804e+13 2.8737e+13 2.98181e+13 2.90809e+13 2.84645e+13 2.97649e+13 2.91034e+13 2.90668e+13 4.97453e+13
 5600 3.14318e+13 3.1717e+13 3.29623e+13 3.21295e+13 3.14244e+13 3.2893e+13 3.2149e+13 3.21042e+13 5.49429e+13
 6000 3.44235e+13 3.47346e+13 3.61533e+13 3.52298e+13 3.44313e+13 3.60706e+13 3.52439e+13 3.51879e+13 6.02135e+13
 6400 3.74429e+13 3.77815e+13 3.93831e+13 3.83772e+13 3.74771e+13 3.92884e+13 3.83809e+13 3.83096e+13 6.55484e+13
 6800 4.0484e+13 4.08522e+13 4.26454e+13 4.15629e+13 4.05613e+13 4.25403e+13 4.15548e+13 4.14638e+13 7.09454e+13
 7200 4.35437e+13 4.3944e+13 4.59368e+13 4.47798e+13 4.36851e+13 4.58293e+13 4.47647e+13 4.46488e+13 7.63917e+13
 7600 4.66234e+13 4.7055e+13 4.92557e+13 4.80252e+13 4.6851e+13 4.91517e+13 4.80093e+13 4.78635e+13 8.18878e+13
 8000 4.97214e+13 5.01773e+13 5.25947e+13 5.12936e+13 5.00511e+13 5.25053e+13 5.12833e+13 5.11025e+13 8.74283e+13
 8000 5.0215e+13 4.98729e+13 5.23533e+13 5.26525e+13 5.02183e+13 5.23405e+13 5.17371e+13 5.13678e+13 8.89532e+13
 16000 1.13355e+14 1.12371e+14 1.20745e+14 1.20298e+14 1.17513e+14 1.23409e+14 1.20407e+14 1.1844e+14 2.03264e+14
 24000 1.79999e+14 1.73901e+14 1.89591e+14 1.87782e+14 1.86078e+14 1.94453e+14 1.89438e+14 1.86128e+14 3.19927e+14
 32000 2.46129e+14 2.35216e+14 2.56687e+14 2.55082e+14 2.55218e+14 2.66617e+14 2.58972e+14 2.53788e+14 4.37414e+14
 40000 3.15009e+14 2.95379e+14 3.22717e+14 3.23564e+14 3.24245e+14 3.38756e+14 3.28855e+14 3.21727e+14 5.57637e+14
 48000 3.8406e+14 3.54552e+14 3.86787e+14 3.92851e+14 3.9562e+14 4.10587e+14 3.99686e+14 3.89865e+14 6.69277e+14
 56000 4.52045e+14 4.15441e+14 4.51045e+14 4.65013e+14 4.65093e+14 4.81578e+14 4.70562e+14 4.58141e+14 7.78135e+14
 64000 5.17037e+14 4.72364e+14 5.14284e+14 5.392e+14 5.3561e+14 5.54918e+14 5.43242e+14 5.26437e+14 8.93227e+14
 72000 5.79793e+14 5.28479e+14 5.78809e+14 6.14037e+14 6.08037e+14 6.28869e+14 6.16981e+14 5.95133e+14 1.0124e+15
 80000 6.43314e+14 5.86403e+14 6.44712e+14 6.86497e+14 6.8313e+14 6.99374e+14 6.89667e+14 6.63724e+14 1.12806e+15
 88000 7.06374e+14 6.46372e+14 7.14128e+14 7.56494e+14 7.58944e+14 7.65125e+14 7.60187e+14 7.31696e+14 1.24476e+15
 96000 7.67885e+14 7.06972e+14 7.86857e+14 8.27403e+14 8.32495e+14 8.31635e+14 8.30511e+14 7.99868e+14 1.36425e+15
 104000 8.29248e+14 7.69017e+14 8.59851e+14 9.00237e+14 9.04622e+14 9.00018e+14 9.01626e+14 8.68724e+14 1.48156e+15
 112000 8.89502e+14 8.29863e+14 9.30528e+14 9.73554e+14 9.75443e+14 9.68416e+14 9.72471e+14 9.36801e+14 1.59445e+15
 120000 9.4746e+14 8.91084e+14 1.00068e+15 1.04446e+15 1.04536e+15 1.03724e+15 1.04235e+15 1.00398e+15 1.7084e+15
 128000 1.00527e+15 9.55032e+14 1.07131e+15 1.11727e+15 1.11486e+15 1.10807e+15 1.1134e+15 1.07226e+15 1.82823e+15
 136000 1.06299e+15 1.02388e+15 1.14469e+15 1.19049e+15 1.18811e+15 1.17901e+15 1.18587e+15 1.1424e+15 1.94407e+15
 144000 1.12211e+15 1.0967e+15 1.21991e+15 1.26069e+15 1.26313e+15 1.24903e+15 1.25761e+15 1.21306e+15 2.06122e+15
 152000 1.18173e+15 1.17423e+15 1.29258e+15 1.33106e+15 1.33389e+15 1.31722e+15 1.32739e+15 1.2829e+15 2.17932e+15
 160000 1.24101e+15 1.25232e+15 1.36291e+15 1.40279e+15 1.40444e+15 1.38627e+15 1.39783e+15 1.35287e+15 2.29535e+15
 160000 1.37189e+15 1.32451e+15 1.44307e+15 1.51333e+15 1.39546e+15 1.36801e+15 1.4256e+15 1.40729e+15 2.29542e+15
 320000 2.61658e+15 2.75725e+15 2.94134e+15 2.78941e+15 2.9282e+15 2.85495e+15 2.85752e+15 2.8232e+15 4.87468e+15
 480000 3.73696e+15 3.93675e+15 4.48336e+15 3.93663e+15 4.3171e+15 4.06078e+15 4.10484e+15 4.08384e+15 7.88593e+15
 640000 4.64743e+15 5.06313e+15 6.02024e+15 4.70724e+15 5.77818e+15 4.88146e+15 5.12229e+15 5.17081e+15 1.14292e+16
 800000 5.45738e+15 6.1757e+15 7.30887e+15 5.98117e+15 7.20482e+15 5.49082e+15 6.2256e+15 6.26095e+15 1.54952e+16
 960000 6.09171e+15 7.55098e+15 8.20785e+15 7.26152e+15 8.64133e+15 6.06418e+15 7.32234e+15 7.30681e+15 1.9296e+16
 1.12e+06 6.68053e+15 8.75571e+15 8.97447e+15 8.51131e+15 9.83464e+15 6.60225e+15 8.31607e+15 8.2444e+15 2.30134e+16
 1.28e+06 7.49022e+15 1.00358e+16 9.92537e+15 9.88746e+15 1.11652e+16 7.32666e+15 9.45976e+15 9.33605e+15 2.69252e+16
 1.44e+06 8.2288e+15 1.12908e+16 1.11559e+16 1.14259e+16 1.24447e+16 8.04519e+15 1.06386e+16 1.04732e+16 3.11273e+16
 1.6e+06 8.97931e+15 1.2279e+16 1.23606e+16 1.32535e+16 1.38474e+16 9.08055e+15 1.20605e+16 1.17188e+16 3.51867e+16
 1.76e+06 9.71917e+15 1.32822e+16 1.34317e+16 1.41811e+16 1.54059e+16 1.0083e+16 1.32233e+16 1.27918e+16 3.93761e+16
 1.92e+06 1.04665e+16 1.42624e+16 1.48086e+16 1.52074e+16 1.69705e+16 1.11531e+16 1.44437e+16 1.39379e+16 4.37382e+16
 2.08e+06 1.13825e+16 1.50564e+16 1.58501e+16 1.64553e+16 1.81285e+16 1.19141e+16 1.54993e+16 1.49381e+16 4.87122e+16
 2.24e+06 1.21509e+16 1.60248e+16 1.68723e+16 1.81952e+16 1.90631e+16 1.29304e+16 1.67296e+16 1.60441e+16 5.41316e+16
 2.4e+06 1.26163e+16 1.66592e+16 1.80094e+16 1.93413e+16 1.96492e+16 1.40918e+16 1.76941e+16 1.69211e+16 6.02373e+16
 2.56e+06 1.25401e+16 1.7194e+16 1.89393e+16 2.04032e+16 2.04079e+16 1.527e+16 1.86937e+16 1.7706e+16 6.72444e+16
 2.72e+06 1.29085e+16 1.78124e+16 1.97272e+16 2.09856e+16 2.11199e+16 1.64651e+16 1.95235e+16 1.84405e+16 7.42412e+16
 2.88e+06 1.32151e+16 1.8371e+16 2.03131e+16 2.15626e+16 2.15516e+16 1.76713e+16 2.02618e+16 1.9077e+16 8.11712e+16
 3.04e+06 1.3413e+16 1.89539e+16 2.08382e+16 2.21698e+16 2.21637e+16 1.91661e+16 2.11665e+16 1.97939e+16 8.87727e+16
 3.2e+06 1.37293e+16 1.90578e+16 2.10681e+16 2.29792e+16 2.30739e+16 2.08989e+16 2.23173e+16 2.05711e+16 9.56455e+16
 3.2e+06 1.61397e+16 9.52623e+15 9.52646e+15 1.76423e+16 1.41757e+16 1.86917e+16 1.68366e+16 1.47943e+16 8.71797e+16
 6.4e+06 3.65834e+16 1.41704e+16 2.77527e+16 4.84187e+16 2.08234e+16 5.55272e+16 4.15898e+16 3.54214e+16 2.28927e+17
 9.6e+06 5.31975e+16 1.121e+16 4.89783e+16 7.91521e+16 1.18486e+16 1.06195e+17 6.5732e+16 5.45573e+16 4.04144e+17
 1.28e+07 7.42155e+16 1.46771e+16 6.23968e+16 8.81304e+16 2.55156e+16 1.49926e+17 8.78572e+16 7.28863e+16 3.85997e+17
 1.6e+07 8.29034e+16 1.0393e+16 7.09669e+16 8.47702e+16 3.47995e+16 1.61442e+17 9.36706e+16 7.81041e+16 2.62657e+17
 1.92e+07 6.31567e+16 8.46596e+14 7.35935e+16 8.36654e+16 1.66602e+16 1.38202e+17 7.95093e+16 6.60518e+16 1.94274e+17
 2.24e+07 1.7604e+16 5.75039e+15 4.3477e+16 3.76075e+16 6.96762e+16 1.16908e+17 7.47305e+16 5.37492e+16 4.24738e+16
