#NOTE: MSDs should be divided by the temperature.
#NOTE: MSDs have been divided by 2 or 10 (i.e., the viscosity computed from all components).
#Time	MSD_xx	MSD_yy	MSD_zz	MSD_xy	MSD_xz	MSD_yz	MSD_off	MSD_all	MSD_bulkvisc
 20 6.72728e+09 6.7164e+09 6.72383e+09 6.73145e+09 6.71491e+09 6.71858e+09 6.72165e+09 6.72199e+09 8.48746e+09
 40 2.11535e+10 2.11202e+10 2.11405e+10 2.11728e+10 2.11094e+10 2.11232e+10 2.11351e+10 2.11363e+10 2.97162e+10
 60 3.86742e+10 3.86135e+10 3.86368e+10 3.87266e+10 3.85882e+10 3.86183e+10 3.86443e+10 3.86432e+10 5.87518e+10
 80 5.82489e+10 5.81667e+10 5.81728e+10 5.83639e+10 5.81224e+10 5.81854e+10 5.82239e+10 5.82128e+10 9.35502e+10
 100 7.88162e+10 7.87165e+10 7.86944e+10 7.90238e+10 7.8662e+10 7.87657e+10 7.88172e+10 7.87873e+10 1.34026e+11
 120 1.00166e+11 1.00053e+11 9.99959e+10 1.00501e+11 1.00009e+11 1.00148e+11 1.0022e+11 1.0016e+11 1.79841e+11
 140 1.23514e+11 1.23394e+11 1.23291e+11 1.24008e+11 1.23365e+11 1.2354e+11 1.23638e+11 1.23542e+11 2.2957e+11
 160 1.49437e+11 1.49301e+11 1.49155e+11 1.50104e+11 1.49299e+11 1.49506e+11 1.49636e+11 1.49501e+11 2.81857e+11
 180 1.77618e+11 1.77449e+11 1.77264e+11 1.78454e+11 1.77487e+11 1.77715e+11 1.77885e+11 1.77709e+11 3.36497e+11
 200 2.07817e+11 2.07607e+11 2.07382e+11 2.08817e+11 2.07678e+11 2.07932e+11 2.08143e+11 2.07926e+11 3.9401e+11
 220 2.39917e+11 2.3967e+11 2.39404e+11 2.41092e+11 2.39758e+11 2.40043e+11 2.40298e+11 2.40044e+11 4.5446e+11
 240 2.73775e+11 2.73505e+11 2.73195e+11 2.7515e+11 2.73599e+11 2.73905e+11 2.74218e+11 2.73928e+11 5.17211e+11
 260 3.09325e+11 3.09049e+11 3.08689e+11 3.1094e+11 3.09151e+11 3.09465e+11 3.09852e+11 3.09519e+11 5.81757e+11
 280 3.46535e+11 3.46267e+11 3.4585e+11 3.48429e+11 3.46381e+11 3.46705e+11 3.47171e+11 3.4679e+11 6.48269e+11
 300 3.85351e+11 3.85096e+11 3.84612e+11 3.87549e+11 3.85227e+11 3.85556e+11 3.86111e+11 3.85674e+11 7.17191e+11
 320 4.25724e+11 4.25476e+11 4.24922e+11 4.28236e+11 4.25639e+11 4.25972e+11 4.26616e+11 4.26119e+11 7.88587e+11
 340 4.67642e+11 4.67389e+11 4.66761e+11 4.70472e+11 4.6759e+11 4.67926e+11 4.68663e+11 4.68103e+11 8.62135e+11
 360 5.11105e+11 5.10844e+11 5.10137e+11 5.14274e+11 5.11078e+11 5.11421e+11 5.12258e+11 5.11633e+11 9.3763e+11
 380 5.56106e+11 5.55848e+11 5.55067e+11 5.59657e+11 5.56101e+11 5.56465e+11 5.57408e+11 5.56714e+11 1.01523e+12
 400 6.0262e+11 6.02371e+11 6.01526e+11 6.06588e+11 6.02623e+11 6.03025e+11 6.04079e+11 6.03316e+11 1.09519e+12
 400 6.02386e+11 6.01145e+11 6.00845e+11 6.06469e+11 6.02554e+11 6.03125e+11 6.04049e+11 6.03013e+11 1.09569e+12
 800 1.79708e+12 1.79993e+12 1.79716e+12 1.81311e+12 1.79711e+12 1.7995e+12 1.80324e+12 1.80117e+12 3.1497e+12
 1200 3.39316e+12 3.40902e+12 3.39905e+12 3.42662e+12 3.38909e+12 3.39203e+12 3.40258e+12 3.40171e+12 5.8895e+12
 1600 5.28783e+12 5.3243e+12 5.30652e+12 5.33557e+12 5.27077e+12 5.27553e+12 5.29396e+12 5.29886e+12 9.13863e+12
 2000 7.41475e+12 7.47814e+12 7.45258e+12 7.47604e+12 7.3741e+12 7.38741e+12 7.41252e+12 7.42691e+12 1.27899e+13
 2400 9.72716e+12 9.82173e+12 9.78802e+12 9.80318e+12 9.65499e+12 9.67499e+12 9.71105e+12 9.73822e+12 1.67707e+13
 2800 1.21903e+13 1.23212e+13 1.22791e+13 1.22821e+13 1.20806e+13 1.21047e+13 1.21558e+13 1.21989e+13 2.10206e+13
 3200 1.47787e+13 1.4951e+13 1.49043e+13 1.48873e+13 1.46232e+13 1.46529e+13 1.47211e+13 1.47839e+13 2.54853e+13
 3600 1.74728e+13 1.76899e+13 1.7642e+13 1.75996e+13 1.72636e+13 1.72996e+13 1.73876e+13 1.74732e+13 3.01272e+13
 4000 2.0253e+13 2.05217e+13 2.04741e+13 2.04015e+13 1.9981e+13 2.00288e+13 2.01371e+13 2.02488e+13 3.49146e+13
 4400 2.31101e+13 2.34334e+13 2.33899e+13 2.32793e+13 2.27657e+13 2.28282e+13 2.29577e+13 2.30991e+13 3.98296e+13
 4800 2.60339e+13 2.64127e+13 2.6373e+13 2.62218e+13 2.56109e+13 2.56854e+13 2.58394e+13 2.60129e+13 4.48581e+13
 5200 2.90137e+13 2.9453e+13 2.94112e+13 2.92198e+13 2.85076e+13 2.85938e+13 2.87737e+13 2.89813e+13 4.99871e+13
 5600 3.2041e+13 3.25448e+13 3.24971e+13 3.22647e+13 3.14532e+13 3.1551e+13 3.17563e+13 3.19982e+13 5.51971e+13
 6000 3.51094e+13 3.56791e+13 3.56244e+13 3.53537e+13 3.44421e+13 3.45496e+13 3.47818e+13 3.50575e+13 6.04768e+13
 6400 3.8211e+13 3.88497e+13 3.87858e+13 3.8483e+13 3.74661e+13 3.75861e+13 3.78451e+13 3.81532e+13 6.58138e+13
 6800 4.1342e+13 4.20551e+13 4.1977e+13 4.16479e+13 4.05251e+13 4.06532e+13 4.09421e+13 4.12818e+13 7.1205e+13
 7200 4.4499e+13 4.5292e+13 4.51944e+13 4.48444e+13 4.36151e+13 4.37515e+13 4.40703e+13 4.44403e+13 7.66406e+13
 7600 4.76806e+13 4.85573e+13 4.84355e+13 4.8069e+13 4.67371e+13 4.68763e+13 4.72275e+13 4.76263e+13 8.21247e+13
 8000 5.08861e+13 5.18454e+13 5.16989e+13 5.13196e+13 4.98843e+13 5.00281e+13 5.04107e+13 5.08371e+13 8.76526e+13
 8000 5.10398e+13 5.14688e+13 5.12321e+13 5.19863e+13 5.01656e+13 5.01184e+13 5.07568e+13 5.09528e+13 8.83899e+13
 16000 1.17232e+14 1.19749e+14 1.18431e+14 1.20093e+14 1.16188e+14 1.16786e+14 1.17689e+14 1.18002e+14 2.02998e+14
 24000 1.86702e+14 1.8916e+14 1.86251e+14 1.88897e+14 1.83791e+14 1.85483e+14 1.86057e+14 1.86583e+14 3.22005e+14
 32000 2.57231e+14 2.61049e+14 2.55325e+14 2.58763e+14 2.51894e+14 2.53511e+14 2.54722e+14 2.55981e+14 4.42757e+14
 40000 3.29487e+14 3.33464e+14 3.24873e+14 3.29705e+14 3.20384e+14 3.21429e+14 3.23839e+14 3.26013e+14 5.66676e+14
 48000 4.01839e+14 4.06303e+14 3.94198e+14 4.0165e+14 3.89952e+14 3.88036e+14 3.93213e+14 3.9624e+14 6.85608e+14
 56000 4.7391e+14 4.80294e+14 4.65319e+14 4.73062e+14 4.57806e+14 4.53817e+14 4.61562e+14 4.66207e+14 8.03146e+14
 64000 5.43076e+14 5.53533e+14 5.34333e+14 5.45565e+14 5.263e+14 5.19817e+14 5.3056e+14 5.35795e+14 9.23127e+14
 72000 6.11111e+14 6.26734e+14 6.01912e+14 6.16975e+14 5.9604e+14 5.86413e+14 5.99809e+14 6.05187e+14 1.04564e+15
 80000 6.79741e+14 7.00442e+14 6.70966e+14 6.86799e+14 6.67928e+14 6.52196e+14 6.68974e+14 6.74871e+14 1.16781e+15
 88000 7.48173e+14 7.74765e+14 7.41481e+14 7.56084e+14 7.39714e+14 7.15633e+14 7.37144e+14 7.44209e+14 1.29172e+15
 96000 8.15922e+14 8.48095e+14 8.13618e+14 8.26334e+14 8.11609e+14 7.78756e+14 8.05566e+14 8.13691e+14 1.4154e+15
 104000 8.82137e+14 9.20284e+14 8.85877e+14 8.9834e+14 8.8277e+14 8.42033e+14 8.74381e+14 8.83068e+14 1.53908e+15
 112000 9.47896e+14 9.91676e+14 9.58491e+14 9.70976e+14 9.53874e+14 9.06333e+14 9.43728e+14 9.52645e+14 1.66315e+15
 120000 1.0124e+15 1.06372e+15 1.03198e+15 1.04161e+15 1.02495e+15 9.71682e+14 1.01275e+15 1.02206e+15 1.78961e+15
 128000 1.07854e+15 1.13734e+15 1.10661e+15 1.11234e+15 1.09667e+15 1.03756e+15 1.08219e+15 1.09231e+15 1.92193e+15
 136000 1.14524e+15 1.21233e+15 1.18192e+15 1.18206e+15 1.17033e+15 1.10589e+15 1.15276e+15 1.16359e+15 2.05373e+15
 144000 1.21154e+15 1.29051e+15 1.25783e+15 1.25075e+15 1.24449e+15 1.17499e+15 1.22341e+15 1.23537e+15 2.18451e+15
 152000 1.27822e+15 1.37145e+15 1.33384e+15 1.31834e+15 1.31604e+15 1.2427e+15 1.29236e+15 1.30655e+15 2.31475e+15
 160000 1.34375e+15 1.45212e+15 1.4096e+15 1.38647e+15 1.38801e+15 1.3094e+15 1.36129e+15 1.3775e+15 2.44382e+15
 160000 1.33037e+15 1.49006e+15 1.40661e+15 1.40031e+15 1.36873e+15 1.29846e+15 1.35583e+15 1.3771e+15 2.47886e+15
 320000 2.75101e+15 2.99246e+15 2.81013e+15 2.59796e+15 2.87222e+15 2.60319e+15 2.69112e+15 2.75515e+15 5.13336e+15
 480000 4.19553e+15 4.23278e+15 4.16666e+15 3.72494e+15 4.3505e+15 3.80316e+15 3.95953e+15 4.05505e+15 7.73822e+15
 640000 5.59833e+15 5.38883e+15 5.50985e+15 4.75221e+15 5.93867e+15 4.81648e+15 5.16912e+15 5.30107e+15 1.03231e+16
 800000 6.88441e+15 6.64321e+15 6.9251e+15 5.99692e+15 7.56554e+15 5.79833e+15 6.4536e+15 6.59919e+15 1.26905e+16
 960000 8.03756e+15 8.07975e+15 8.15345e+15 7.43202e+15 9.21037e+15 6.83132e+15 7.82457e+15 7.93084e+15 1.53038e+16
 1.12e+06 9.13732e+15 9.5657e+15 9.10293e+15 8.82555e+15 1.05893e+16 7.80265e+15 9.07252e+15 9.15097e+15 1.81339e+16
 1.28e+06 1.02878e+16 1.08934e+16 1.01988e+16 1.01733e+16 1.19936e+16 9.07508e+15 1.0414e+16 1.04324e+16 2.10273e+16
 1.44e+06 1.14441e+16 1.21052e+16 1.12134e+16 1.13996e+16 1.34314e+16 1.03175e+16 1.17162e+16 1.16647e+16 2.40511e+16
 1.6e+06 1.26474e+16 1.3192e+16 1.22814e+16 1.26559e+16 1.49524e+16 1.16937e+16 1.31007e+16 1.29432e+16 2.70573e+16
 1.76e+06 1.40961e+16 1.44181e+16 1.32412e+16 1.34976e+16 1.63471e+16 1.31529e+16 1.43325e+16 1.41669e+16 2.97865e+16
 1.92e+06 1.56226e+16 1.56023e+16 1.43763e+16 1.43397e+16 1.75916e+16 1.46797e+16 1.5537e+16 1.54024e+16 3.27158e+16
 2.08e+06 1.71572e+16 1.66197e+16 1.53522e+16 1.5219e+16 1.86519e+16 1.60995e+16 1.66568e+16 1.65446e+16 3.60502e+16
 2.24e+06 1.8571e+16 1.74715e+16 1.6352e+16 1.62492e+16 1.96723e+16 1.76006e+16 1.78407e+16 1.76904e+16 3.91772e+16
 2.4e+06 1.99394e+16 1.83306e+16 1.752e+16 1.69676e+16 2.05309e+16 1.91026e+16 1.8867e+16 1.87589e+16 4.2431e+16
 2.56e+06 2.11358e+16 1.92024e+16 1.87982e+16 1.79381e+16 2.12298e+16 2.0557e+16 1.99083e+16 1.98298e+16 4.61218e+16
 2.72e+06 2.25671e+16 2.0346e+16 2.01544e+16 1.86029e+16 2.18578e+16 2.20183e+16 2.08263e+16 2.09048e+16 4.98134e+16
 2.88e+06 2.40323e+16 2.13279e+16 2.13865e+16 1.92928e+16 2.25444e+16 2.34729e+16 2.17701e+16 2.19616e+16 5.37428e+16
 3.04e+06 2.53519e+16 2.24459e+16 2.27223e+16 2.01907e+16 2.3153e+16 2.49765e+16 2.27734e+16 2.30667e+16 5.7447e+16
 3.2e+06 2.67498e+16 2.34564e+16 2.37819e+16 2.08428e+16 2.37917e+16 2.67515e+16 2.37953e+16 2.41423e+16 6.06165e+16
 3.2e+06 2.48696e+16 3.01101e+16 1.66474e+16 1.53331e+16 2.30008e+16 2.23868e+16 2.02403e+16 2.16944e+16 6.12312e+16
 6.4e+06 5.86854e+16 6.56355e+16 3.94552e+16 3.97465e+16 3.26928e+16 6.23584e+16 4.49326e+16 4.87964e+16 1.33951e+17
 9.6e+06 9.41242e+16 6.68518e+16 4.64234e+16 5.51072e+16 3.62249e+16 1.11575e+17 6.76358e+16 6.82347e+16 1.69983e+17
 1.28e+07 1.37894e+17 6.4714e+16 5.07611e+16 5.10986e+16 3.81278e+16 1.55406e+17 8.15441e+16 8.27091e+16 9.29611e+16
 1.6e+07 1.8187e+17 7.87645e+16 6.69758e+16 3.86208e+16 3.8485e+16 1.86067e+17 8.77242e+16 9.63159e+16 6.10512e+16
 1.92e+07 1.9579e+17 8.48393e+16 8.44529e+16 3.06567e+16 5.32451e+16 2.16423e+17 1.00108e+17 1.08743e+17 7.74113e+16
 2.24e+07 2.24937e+17 7.36034e+16 9.21265e+16 2.78762e+16 6.61478e+16 2.53167e+17 1.1573e+17 1.21527e+17 1.26994e+17
 2.56e+07 2.53976e+17 7.24245e+16 9.19383e+16 3.37855e+16 5.05498e+16 3.01938e+17 1.28758e+17 1.33033e+17 1.21117e+17
 2.88e+07 2.86453e+17 8.43771e+16 9.34918e+16 4.65452e+16 3.75328e+16 3.4418e+17 1.42753e+17 1.47561e+17 8.82255e+16
 3.2e+07 3.54933e+17 1.11281e+17 1.24558e+17 5.35956e+16 3.71562e+16 3.97563e+17 1.62772e+17 1.76433e+17 9.99853e+16
 3.52e+07 4.45547e+17 1.48079e+17 1.6334e+17 5.37632e+16 5.43832e+16 4.22937e+17 1.77028e+17 2.07146e+17 1.73232e+17
 3.84e+07 4.83583e+17 1.38519e+17 1.84731e+17 3.40518e+16 8.64994e+16 4.56767e+17 1.92439e+17 2.23042e+17 1.71988e+17
 4.16e+07 4.99385e+17 9.88812e+16 1.98273e+17 1.96167e+16 9.61553e+16 4.50746e+17 1.8884e+17 2.19509e+17 1.01245e+17
 4.48e+07 5.38668e+17 9.54578e+16 2.1932e+17 3.77022e+16 1.00762e+17 3.86275e+17 1.74913e+17 2.18741e+17 5.94853e+16
 4.8e+07 5.39569e+17 9.9769e+16 2.1979e+17 7.94037e+16 1.17544e+17 3.37674e+17 1.78207e+17 2.21475e+17 1.77203e+17
 5.12e+07 5.8063e+17 1.35148e+17 1.95533e+17 1.15595e+17 1.31409e+17 2.94882e+17 1.80628e+17 2.29885e+17 3.05964e+17
 5.44e+07 5.38731e+17 1.14497e+17 1.62394e+17 1.17162e+17 1.63001e+17 3.47996e+17 2.09386e+17 2.34381e+17 3.98463e+17
 5.76e+07 5.35219e+17 1.48181e+17 1.36991e+17 9.77285e+16 1.74098e+17 4.68576e+17 2.46801e+17 2.57466e+17 1.83878e+17
 6.08e+07 6.95636e+17 3.06593e+17 8.6558e+16 8.76517e+16 1.14061e+17 5.37843e+17 2.46519e+17 2.93083e+17 1.32439e+17
 6.4e+07 9.13752e+17 4.2567e+17 9.20941e+16 4.01611e+16 3.28206e+15 5.7435e+17 2.05931e+17 3.14427e+17 7.04184e+12
 6.4e+07 9.13752e+17 4.2567e+17 9.20941e+16 4.01611e+16 3.28206e+15 5.7435e+17 2.05931e+17 3.14427e+17 7.04184e+12
