#NOTE: MSDs should be divided by the temperature.
#NOTE: MSDs have been divided by 2 or 10 (i.e., the viscosity computed from all components).
#Time	MSD_xx	MSD_yy	MSD_zz	MSD_xy	MSD_xz	MSD_yz	MSD_off	MSD_all	MSD_bulkvisc
 10 1.8381e+09 1.85037e+09 1.84118e+09 1.85304e+09 1.86353e+09 1.84831e+09 1.85496e+09 1.85026e+09 2.22801e+09
 20 6.6031e+09 6.65213e+09 6.61636e+09 6.66317e+09 6.70685e+09 6.64163e+09 6.67055e+09 6.65188e+09 8.44154e+09
 30 1.31907e+10 1.33006e+10 1.32234e+10 1.33232e+10 1.34284e+10 1.32694e+10 1.33403e+10 1.32995e+10 1.78187e+10
 40 2.08372e+10 2.10302e+10 2.08988e+10 2.10639e+10 2.12652e+10 2.09602e+10 2.10965e+10 2.10267e+10 2.96482e+10
 50 2.91763e+10 2.947e+10 2.92735e+10 2.95121e+10 2.98483e+10 2.934e+10 2.95668e+10 2.94627e+10 4.33913e+10
 60 3.81118e+10 3.85169e+10 3.82454e+10 3.85647e+10 3.90763e+10 3.83084e+10 3.86498e+10 3.85064e+10 5.86969e+10
 70 4.75735e+10 4.80942e+10 4.77391e+10 4.8148e+10 4.88743e+10 4.77957e+10 4.82727e+10 4.80845e+10 7.54132e+10
 80 5.74341e+10 5.80699e+10 5.76245e+10 5.81324e+10 5.91146e+10 5.76775e+10 5.83082e+10 5.80687e+10 9.35219e+10
 90 6.75284e+10 6.82796e+10 6.77362e+10 6.83544e+10 6.96367e+10 6.77928e+10 6.85946e+10 6.8296e+10 1.13048e+11
 100 7.77505e+10 7.86193e+10 7.79685e+10 7.87104e+10 8.03399e+10 7.80388e+10 7.90297e+10 7.86629e+10 1.33995e+11
 110 8.81332e+10 8.91212e+10 8.83538e+10 8.92346e+10 9.12589e+10 8.84531e+10 8.96489e+10 8.92037e+10 1.56289e+11
 120 9.88391e+10 9.99436e+10 9.90524e+10 1.00088e+11 1.02551e+11 9.92002e+10 1.00613e+11 1.00079e+11 1.79773e+11
 130 1.10062e+11 1.11276e+11 1.10257e+11 1.11463e+11 1.14403e+11 1.10475e+11 1.12114e+11 1.11481e+11 2.04232e+11
 140 1.21923e+11 1.23238e+11 1.22092e+11 1.23484e+11 1.26937e+11 1.22396e+11 1.24272e+11 1.2353e+11 2.29459e+11
 150 1.34443e+11 1.35851e+11 1.34583e+11 1.36172e+11 1.40177e+11 1.34982e+11 1.3711e+11 1.3625e+11 2.55307e+11
 160 1.47574e+11 1.49074e+11 1.47692e+11 1.49482e+11 1.54082e+11 1.48182e+11 1.50582e+11 1.49595e+11 2.81715e+11
 170 1.61257e+11 1.62846e+11 1.61362e+11 1.6336e+11 1.68587e+11 1.61933e+11 1.64627e+11 1.63505e+11 3.08698e+11
 180 1.75451e+11 1.77126e+11 1.75553e+11 1.7777e+11 1.83648e+11 1.76194e+11 1.79204e+11 1.7794e+11 3.36329e+11
 190 1.90142e+11 1.91899e+11 1.90248e+11 1.92694e+11 1.99245e+11 1.90951e+11 1.94297e+11 1.92883e+11 3.64688e+11
 200 2.05324e+11 2.07162e+11 2.05436e+11 2.08123e+11 2.15368e+11 2.06195e+11 2.09895e+11 2.08327e+11 3.93819e+11
 200 2.05132e+11 2.07394e+11 2.05493e+11 2.08777e+11 2.15297e+11 2.06162e+11 2.10079e+11 2.0845e+11 3.93394e+11
 400 5.97011e+11 6.01664e+11 5.96613e+11 6.0797e+11 6.3365e+11 6.0012e+11 6.13913e+11 6.0772e+11 1.09512e+12
 600 1.13474e+12 1.14262e+12 1.13318e+12 1.15696e+12 1.21096e+12 1.14006e+12 1.16932e+12 1.15633e+12 2.02734e+12
 800 1.79294e+12 1.80549e+12 1.79051e+12 1.83135e+12 1.92217e+12 1.79931e+12 1.85094e+12 1.82909e+12 3.17588e+12
 1000 2.55457e+12 2.57247e+12 2.54982e+12 2.61424e+12 2.74847e+12 2.55952e+12 2.64074e+12 2.60803e+12 4.49814e+12
 1200 3.40131e+12 3.42837e+12 3.39281e+12 3.48843e+12 3.67596e+12 3.40718e+12 3.52386e+12 3.47731e+12 5.96998e+12
 1400 4.32232e+12 4.36181e+12 4.30872e+12 4.44284e+12 4.69187e+12 4.3284e+12 4.4877e+12 4.425e+12 7.57869e+12
 1600 5.30692e+12 5.36195e+12 5.28749e+12 5.46971e+12 5.78641e+12 5.31359e+12 5.52324e+12 5.44146e+12 9.30574e+12
 1800 6.35028e+12 6.42305e+12 6.32342e+12 6.56219e+12 6.94915e+12 6.35503e+12 6.62212e+12 6.51951e+12 1.11402e+13
 2000 7.44738e+12 7.53723e+12 7.41046e+12 7.71257e+12 8.17249e+12 7.44518e+12 7.77674e+12 7.65206e+12 1.3064e+13
 2200 8.59437e+12 8.69962e+12 8.54279e+12 8.91564e+12 9.45246e+12 8.58017e+12 8.98276e+12 8.83456e+12 1.50733e+13
 2400 9.78673e+12 9.90566e+12 9.71447e+12 1.0166e+13 1.07855e+13 9.7559e+12 1.02358e+13 1.00624e+13 1.71625e+13
 2600 1.10187e+13 1.11508e+13 1.09205e+13 1.14593e+13 1.21675e+13 1.09674e+13 1.15314e+13 1.13308e+13 1.93221e+13
 2800 1.2285e+13 1.24337e+13 1.21555e+13 1.27934e+13 1.35927e+13 1.22108e+13 1.28656e+13 1.26359e+13 2.15464e+13
 3000 1.35832e+13 1.37525e+13 1.34188e+13 1.41655e+13 1.50561e+13 1.34826e+13 1.42348e+13 1.39748e+13 2.38302e+13
 3200 1.49124e+13 1.51032e+13 1.47083e+13 1.55713e+13 1.65546e+13 1.47808e+13 1.56356e+13 1.53445e+13 2.61703e+13
 3400 1.62696e+13 1.6486e+13 1.60221e+13 1.70059e+13 1.80866e+13 1.61034e+13 1.70653e+13 1.67429e+13 2.85627e+13
 3600 1.76501e+13 1.78958e+13 1.73568e+13 1.84661e+13 1.96473e+13 1.74517e+13 1.85217e+13 1.81667e+13 3.10029e+13
 3800 1.90529e+13 1.93312e+13 1.87113e+13 1.99487e+13 2.12362e+13 1.8824e+13 2.0003e+13 1.96145e+13 3.34909e+13
 4000 2.04774e+13 2.07908e+13 2.00834e+13 2.14518e+13 2.28499e+13 2.0217e+13 2.15062e+13 2.10839e+13 3.60164e+13
 4000 2.02658e+13 2.07372e+13 2.01888e+13 2.17376e+13 2.27453e+13 2.02712e+13 2.15847e+13 2.11097e+13 3.64907e+13
 8000 5.09191e+13 5.26502e+13 4.90341e+13 5.4319e+13 5.83792e+13 5.09729e+13 5.45571e+13 5.30814e+13 9.17358e+13
 12000 8.25838e+13 8.70569e+13 7.96505e+13 8.9028e+13 9.61075e+13 8.37454e+13 8.9627e+13 8.7015e+13 1.50592e+14
 16000 1.16215e+14 1.23059e+14 1.10865e+14 1.23674e+14 1.36301e+14 1.16556e+14 1.2551e+14 1.21992e+14 2.1198e+14
 20000 1.50118e+14 1.59265e+14 1.42213e+14 1.57812e+14 1.79192e+14 1.48231e+14 1.61745e+14 1.5726e+14 2.7293e+14
 24000 1.84696e+14 1.95201e+14 1.74592e+14 1.91004e+14 2.2382e+14 1.78445e+14 1.97757e+14 1.92586e+14 3.34703e+14
 28000 2.19245e+14 2.30552e+14 2.07145e+14 2.23735e+14 2.70522e+14 2.09117e+14 2.34458e+14 2.28267e+14 3.97113e+14
 32000 2.54502e+14 2.66282e+14 2.40294e+14 2.5631e+14 3.1879e+14 2.40577e+14 2.71892e+14 2.64612e+14 4.60558e+14
 36000 2.90131e+14 3.0156e+14 2.7419e+14 2.88455e+14 3.69055e+14 2.72494e+14 3.10002e+14 3.01452e+14 5.25301e+14
 40000 3.25401e+14 3.35892e+14 3.07445e+14 3.19836e+14 4.19845e+14 3.04641e+14 3.48107e+14 3.38029e+14 5.88154e+14
 44000 3.60387e+14 3.68449e+14 3.39846e+14 3.52596e+14 4.70007e+14 3.38831e+14 3.87144e+14 3.74778e+14 6.49661e+14
 48000 3.95325e+14 4.00109e+14 3.72464e+14 3.86737e+14 5.21692e+14 3.74591e+14 4.27673e+14 4.12324e+14 7.1013e+14
 52000 4.31035e+14 4.31752e+14 4.04173e+14 4.22307e+14 5.74004e+14 4.10702e+14 4.69004e+14 4.50331e+14 7.71405e+14
 56000 4.65454e+14 4.63448e+14 4.35563e+14 4.58877e+14 6.2528e+14 4.47551e+14 5.1057e+14 4.8827e+14 8.34335e+14
 60000 5.00376e+14 4.9639e+14 4.66981e+14 4.95768e+14 6.75644e+14 4.84432e+14 5.51948e+14 5.26335e+14 9.01074e+14
 64000 5.36151e+14 5.30017e+14 4.98739e+14 5.31663e+14 7.25549e+14 5.20482e+14 5.92565e+14 5.64193e+14 9.65837e+14
 68000 5.72143e+14 5.63891e+14 5.32045e+14 5.68131e+14 7.76005e+14 5.56054e+14 6.33397e+14 6.02448e+14 1.02912e+15
 72000 6.0815e+14 5.98128e+14 5.66968e+14 6.05143e+14 8.25856e+14 5.91554e+14 6.74185e+14 6.40944e+14 1.0942e+15
 76000 6.43863e+14 6.31562e+14 6.02103e+14 6.42866e+14 8.74556e+14 6.28415e+14 7.15279e+14 6.79505e+14 1.16101e+15
 80000 6.78132e+14 6.65511e+14 6.36891e+14 6.80556e+14 9.23128e+14 6.65916e+14 7.56534e+14 7.17991e+14 1.23157e+15
 80000 5.93802e+14 5.5555e+14 6.09328e+14 6.93859e+14 9.98904e+14 6.62528e+14 7.85097e+14 7.05549e+14 1.23507e+15
 160000 1.30381e+15 1.22778e+15 1.34388e+15 1.37356e+15 1.88359e+15 1.37496e+15 1.54404e+15 1.44315e+15 2.92492e+15
 240000 2.1129e+15 1.87765e+15 1.99785e+15 2.11774e+15 2.51481e+15 2.16206e+15 2.26487e+15 2.15737e+15 4.60357e+15
 320000 2.83873e+15 2.33433e+15 2.491e+15 2.94537e+15 3.19004e+15 2.93604e+15 3.02382e+15 2.83616e+15 6.05204e+15
 400000 3.47319e+15 2.77114e+15 2.82438e+15 3.70752e+15 3.89353e+15 3.64946e+15 3.75017e+15 3.45926e+15 6.90133e+15
 480000 3.95495e+15 3.24099e+15 3.22364e+15 4.53176e+15 4.64789e+15 4.31935e+15 4.49967e+15 4.08908e+15 7.74153e+15
 560000 4.45628e+15 3.56156e+15 3.53172e+15 5.36011e+15 5.19318e+15 5.3184e+15 5.29057e+15 4.71428e+15 8.61119e+15
 640000 4.80946e+15 3.64581e+15 3.61189e+15 6.13017e+15 5.65039e+15 6.26249e+15 6.01435e+15 5.21756e+15 9.45903e+15
 720000 5.25225e+15 3.73159e+15 3.69472e+15 6.88026e+15 6.15074e+15 7.17837e+15 6.73646e+15 5.73235e+15 1.02992e+16
 800000 5.68211e+15 4.02738e+15 3.73871e+15 7.70234e+15 6.54822e+15 8.18055e+15 7.47703e+15 6.27931e+15 1.12108e+16
 880000 6.26937e+15 4.41344e+15 4.14772e+15 8.55099e+15 6.88749e+15 9.10421e+15 8.1809e+15 6.88594e+15 1.23069e+16
 960000 7.03937e+15 4.99133e+15 4.69917e+15 9.15372e+15 7.37944e+15 1.0029e+16 8.85406e+15 7.54308e+15 1.33908e+16
 1.04e+06 7.65361e+15 5.47129e+15 4.9714e+15 9.60944e+15 7.34458e+15 1.10503e+16 9.33476e+15 8.0137e+15 1.44371e+16
 1.12e+06 8.13824e+15 5.90042e+15 5.1135e+15 1.01036e+16 7.36991e+15 1.20673e+16 9.84692e+15 8.46178e+15 1.54311e+16
 1.2e+06 8.63059e+15 6.19022e+15 5.07991e+15 1.07071e+16 7.51279e+15 1.31515e+16 1.04571e+16 8.92771e+15 1.64066e+16
 1.28e+06 8.92017e+15 6.47937e+15 5.05106e+15 1.125e+16 7.63802e+15 1.44627e+16 1.11169e+16 9.3969e+15 1.76533e+16
 1.36e+06 9.25061e+15 6.70581e+15 5.10378e+15 1.14506e+16 7.79462e+15 1.58296e+16 1.16916e+16 9.82298e+15 1.91217e+16
 1.44e+06 9.59334e+15 6.90595e+15 4.94343e+15 1.19555e+16 8.14129e+15 1.72697e+16 1.24555e+16 1.03323e+16 2.05153e+16
 1.52e+06 9.86777e+15 7.03169e+15 4.82229e+15 1.23996e+16 8.56903e+15 1.88726e+16 1.32804e+16 1.08645e+16 2.19117e+16
 1.6e+06 1.00678e+16 7.08809e+15 4.77212e+15 1.27935e+16 9.11257e+15 2.03223e+16 1.40761e+16 1.13694e+16 2.33914e+16
 1.6e+06 1.12486e+16 6.23844e+15 4.17711e+15 1.41352e+16 6.68427e+15 1.32471e+16 1.13555e+16 9.70185e+15 2.12369e+16
 3.2e+06 6.035e+15 7.85016e+15 1.4327e+15 2.78195e+16 1.98906e+16 4.08554e+16 2.95218e+16 1.97555e+16 5.2959e+16
 4.8e+06 2.20593e+16 1.81463e+16 1.57738e+15 2.4034e+16 4.84454e+16 5.58842e+16 4.27879e+16 3.12438e+16 8.7806e+16
 6.4e+06 2.27392e+16 2.44201e+16 3.59379e+15 2.55331e+16 8.53686e+16 2.95288e+16 4.68102e+16 3.48532e+16 3.55738e+16
 8e+06 4.7966e+16 4.72759e+16 2.55961e+15 2.32444e+16 1.02377e+17 1.16539e+16 4.57583e+16 4.04952e+16 1.43698e+16
 9.6e+06 5.98125e+16 4.07944e+16 1.81387e+15 2.22959e+15 1.53913e+17 3.17384e+15 5.31055e+16 4.55194e+16 4.13872e+15
