#NOTE: MSDs should be divided by the temperature.
#NOTE: MSDs have been divided by 2 or 10 (i.e., the viscosity computed from all components).
#Time	MSD_xx	MSD_yy	MSD_zz	MSD_xy	MSD_xz	MSD_yz	MSD_off	MSD_all	MSD_bulkvisc
 20 6.62753e+09 6.69252e+09 6.7632e+09 6.79004e+09 6.71715e+09 6.69278e+09 6.73332e+09 6.71776e+09 8.39305e+09
 40 2.07773e+10 2.09893e+10 2.12657e+10 2.13812e+10 2.10705e+10 2.10066e+10 2.11528e+10 2.1096e+10 2.93483e+10
 60 3.78517e+10 3.82658e+10 3.88992e+10 3.91633e+10 3.84169e+10 3.83612e+10 3.86471e+10 3.85238e+10 5.79184e+10
 80 5.68456e+10 5.75517e+10 5.86431e+10 5.91096e+10 5.77521e+10 5.77414e+10 5.8201e+10 5.79927e+10 9.20668e+10
 100 7.6732e+10 7.78259e+10 7.94878e+10 8.01218e+10 7.80185e+10 7.80761e+10 7.87388e+10 7.84494e+10 1.31744e+11
 120 9.73211e+10 9.88941e+10 1.01283e+11 1.02e+11 9.90218e+10 9.91144e+10 1.00045e+11 9.96937e+10 1.76638e+11
 140 1.19834e+11 1.21972e+11 1.25249e+11 1.25984e+11 1.22025e+11 1.2205e+11 1.23353e+11 1.22952e+11 2.25351e+11
 160 1.44866e+11 1.47632e+11 1.51976e+11 1.52665e+11 1.47625e+11 1.47451e+11 1.49247e+11 1.48811e+11 2.76555e+11
 180 1.721e+11 1.75519e+11 1.81109e+11 1.81725e+11 1.75495e+11 1.75011e+11 1.7741e+11 1.76943e+11 3.30055e+11
 200 2.01317e+11 2.05443e+11 2.1239e+11 2.12901e+11 2.05363e+11 2.04535e+11 2.076e+11 2.07113e+11 3.86369e+11
 220 2.3238e+11 2.37309e+11 2.45674e+11 2.46049e+11 2.37084e+11 2.35927e+11 2.39687e+11 2.39194e+11 4.45583e+11
 240 2.65141e+11 2.70952e+11 2.80767e+11 2.80992e+11 2.70544e+11 2.69018e+11 2.73518e+11 2.73025e+11 5.07103e+11
 260 2.99519e+11 3.06311e+11 3.17636e+11 3.17648e+11 3.0572e+11 3.03731e+11 3.09033e+11 3.08549e+11 5.70482e+11
 280 3.35449e+11 3.43367e+11 3.5626e+11 3.56008e+11 3.42591e+11 3.40013e+11 3.46204e+11 3.45733e+11 6.3589e+11
 300 3.72868e+11 3.81998e+11 3.96568e+11 3.96014e+11 3.81089e+11 3.77784e+11 3.84962e+11 3.84502e+11 7.0374e+11
 320 4.11768e+11 4.22072e+11 4.38517e+11 4.37622e+11 4.21122e+11 4.1701e+11 4.25251e+11 4.24798e+11 7.74114e+11
 340 4.52111e+11 4.63556e+11 4.82037e+11 4.80817e+11 4.62679e+11 4.57701e+11 4.67066e+11 4.666e+11 8.46716e+11
 360 4.93872e+11 5.06518e+11 5.27091e+11 5.25587e+11 5.05754e+11 4.99881e+11 5.10407e+11 5.09909e+11 9.21377e+11
 380 5.37067e+11 5.51024e+11 5.73687e+11 5.71907e+11 5.50341e+11 5.43608e+11 5.55285e+11 5.54742e+11 9.9824e+11
 400 5.81664e+11 5.97082e+11 6.21835e+11 6.19775e+11 5.96459e+11 5.88845e+11 6.01693e+11 6.01093e+11 1.07752e+12
 400 5.81792e+11 5.97631e+11 6.23626e+11 6.1667e+11 5.96064e+11 5.89102e+11 6.00612e+11 6.00774e+11 1.08691e+12
 800 1.72614e+12 1.78774e+12 1.87164e+12 1.83686e+12 1.77278e+12 1.74672e+12 1.78545e+12 1.78934e+12 3.12438e+12
 1200 3.26146e+12 3.39589e+12 3.54783e+12 3.47863e+12 3.33925e+12 3.29452e+12 3.3708e+12 3.38317e+12 5.84171e+12
 1600 5.08173e+12 5.30116e+12 5.53291e+12 5.43811e+12 5.22375e+12 5.1258e+12 5.26255e+12 5.27964e+12 9.05161e+12
 2000 7.10391e+12 7.44784e+12 7.75977e+12 7.66238e+12 7.34617e+12 7.17188e+12 7.39348e+12 7.41095e+12 1.2617e+13
 2400 9.28347e+12 9.79381e+12 1.0199e+13 1.01031e+13 9.65519e+12 9.40802e+12 9.72209e+12 9.73676e+12 1.6485e+13
 2800 1.15704e+13 1.22998e+13 1.28087e+13 1.27311e+13 1.20995e+13 1.18018e+13 1.22108e+13 1.2217e+13 2.05986e+13
 3200 1.39424e+13 1.49282e+13 1.55513e+13 1.5517e+13 1.46451e+13 1.43007e+13 1.48209e+13 1.48155e+13 2.49549e+13
 3600 1.63974e+13 1.76579e+13 1.83902e+13 1.84181e+13 1.72936e+13 1.68864e+13 1.75327e+13 1.75124e+13 2.95108e+13
 4000 1.89227e+13 2.04803e+13 2.13057e+13 2.14062e+13 2.00409e+13 1.95567e+13 2.03346e+13 2.02952e+13 3.42391e+13
 4400 2.14984e+13 2.33873e+13 2.42912e+13 2.44489e+13 2.28566e+13 2.23037e+13 2.32031e+13 2.31454e+13 3.91026e+13
 4800 2.41083e+13 2.63805e+13 2.7344e+13 2.75712e+13 2.57333e+13 2.51208e+13 2.61418e+13 2.60628e+13 4.41285e+13
 5200 2.67442e+13 2.94396e+13 3.04373e+13 3.07714e+13 2.86689e+13 2.80084e+13 2.91496e+13 2.90392e+13 4.92972e+13
 5600 2.94108e+13 3.25673e+13 3.35647e+13 3.40326e+13 3.16535e+13 3.0953e+13 3.2213e+13 3.20669e+13 5.4593e+13
 6000 3.21112e+13 3.57616e+13 3.67176e+13 3.73696e+13 3.46888e+13 3.39355e+13 3.53313e+13 3.51442e+13 5.99998e+13
 6400 3.48428e+13 3.90056e+13 3.98929e+13 4.07615e+13 3.77485e+13 3.69328e+13 3.84809e+13 3.82541e+13 6.54741e+13
 6800 3.76091e+13 4.22915e+13 4.31001e+13 4.41994e+13 4.08448e+13 3.99514e+13 4.16652e+13 4.13992e+13 7.10475e+13
 7200 4.04086e+13 4.56376e+13 4.63352e+13 4.76816e+13 4.39724e+13 4.30033e+13 4.48858e+13 4.45823e+13 7.66892e+13
 7600 4.3228e+13 4.9035e+13 4.95901e+13 5.11811e+13 4.71278e+13 4.60773e+13 4.81287e+13 4.7791e+13 8.23644e+13
 8000 4.60643e+13 5.24922e+13 5.28597e+13 5.47367e+13 5.0332e+13 4.91618e+13 5.14102e+13 5.10349e+13 8.81007e+13
 8000 4.60818e+13 5.41095e+13 5.13186e+13 5.18379e+13 5.09158e+13 4.90984e+13 5.06174e+13 5.05717e+13 9.27818e+13
 16000 1.0898e+14 1.33757e+14 1.18635e+14 1.25911e+14 1.20988e+14 1.15146e+14 1.20681e+14 1.20592e+14 2.06545e+14
 24000 1.69857e+14 2.12623e+14 1.82203e+14 1.98114e+14 2.01965e+14 1.78313e+14 1.92797e+14 1.90969e+14 3.18287e+14
 32000 2.34776e+14 2.92176e+14 2.40933e+14 2.60684e+14 2.87806e+14 2.36663e+14 2.61718e+14 2.59416e+14 4.38709e+14
 40000 3.06885e+14 3.69958e+14 3.00305e+14 3.19634e+14 3.67826e+14 2.9565e+14 3.27704e+14 3.26909e+14 5.62178e+14
 48000 3.74842e+14 4.43341e+14 3.60874e+14 3.79788e+14 4.53918e+14 3.54825e+14 3.96177e+14 3.94914e+14 6.91689e+14
 56000 4.3402e+14 5.07121e+14 4.23822e+14 4.32616e+14 5.42362e+14 4.07421e+14 4.608e+14 4.58475e+14 8.12906e+14
 64000 4.90823e+14 5.52847e+14 4.84359e+14 4.88715e+14 6.325e+14 4.5397e+14 5.25062e+14 5.18774e+14 9.3077e+14
 72000 5.51799e+14 5.82453e+14 5.39684e+14 5.53728e+14 7.28113e+14 4.99939e+14 5.93927e+14 5.79548e+14 1.04895e+15
 80000 6.06748e+14 6.06673e+14 5.95344e+14 6.30315e+14 8.24537e+14 5.48938e+14 6.6793e+14 6.41927e+14 1.15909e+15
 88000 6.7178e+14 6.25568e+14 6.68578e+14 7.06635e+14 9.22656e+14 5.92624e+14 7.40638e+14 7.06506e+14 1.26119e+15
 96000 7.43011e+14 6.3969e+14 7.38086e+14 7.76245e+14 1.02371e+15 6.20563e+14 8.06841e+14 7.66876e+14 1.36827e+15
 104000 8.207e+14 6.53691e+14 7.99288e+14 8.43917e+14 1.12415e+15 6.40393e+14 8.69486e+14 8.24849e+14 1.49715e+15
 112000 8.94717e+14 6.70141e+14 8.5533e+14 9.12603e+14 1.24306e+15 6.5811e+14 9.37925e+14 8.85447e+14 1.59795e+15
 120000 9.63503e+14 6.83755e+14 9.13695e+14 9.81674e+14 1.37381e+15 6.69367e+14 1.00828e+15 9.4643e+14 1.69584e+15
 128000 1.03549e+15 7.19051e+14 9.81052e+14 1.05028e+15 1.50984e+15 6.86297e+14 1.08214e+15 1.01403e+15 1.80781e+15
 136000 1.11777e+15 7.76369e+14 1.04445e+15 1.11985e+15 1.65972e+15 6.98874e+14 1.15948e+15 1.0875e+15 1.91569e+15
 144000 1.19586e+15 8.30901e+14 1.09626e+15 1.19677e+15 1.80161e+15 7.22641e+14 1.24034e+15 1.16061e+15 2.03324e+15
 152000 1.29052e+15 8.9173e+14 1.15657e+15 1.27669e+15 1.93421e+15 7.55126e+14 1.32201e+15 1.23838e+15 2.15097e+15
 160000 1.39612e+15 9.55227e+14 1.23056e+15 1.35337e+15 2.05321e+15 7.89115e+14 1.39857e+15 1.31673e+15 2.24454e+15
 160000 1.2335e+15 9.61204e+14 1.25605e+15 1.78994e+15 2.50085e+15 7.41772e+14 1.67752e+15 1.46661e+15 2.37871e+15
 320000 2.86905e+15 2.13799e+15 2.09994e+15 3.71855e+15 4.27572e+15 1.43329e+15 3.14252e+15 2.83311e+15 3.07865e+15
 480000 4.58929e+15 3.14321e+15 2.06786e+15 5.41743e+15 5.84131e+15 2.12652e+15 4.46175e+15 3.98377e+15 2.17888e+15
 640000 6.87176e+15 5.22573e+15 7.54601e+14 6.12696e+15 7.45377e+15 2.94204e+15 5.50759e+15 5.01817e+15 1.50292e+15
 800000 9.57622e+15 8.4822e+15 9.81541e+14 6.54281e+15 8.56057e+15 3.28665e+15 6.13001e+15 6.21667e+15 3.90868e+15
 960000 1.5083e+16 1.19887e+16 1.99311e+15 7.11235e+15 1.06658e+16 3.91762e+15 7.23192e+15 8.21445e+15 3.8671e+15
 1.12e+06 2.07119e+16 1.53891e+16 2.36623e+15 5.28402e+15 1.30648e+16 5.16226e+15 7.83704e+15 9.83119e+15 2.14098e+15
 1.28e+06 2.33661e+16 1.70194e+16 1.28935e+15 4.08281e+15 1.74504e+16 6.97747e+15 9.50357e+15 1.12588e+16 3.00156e+15
 1.44e+06 2.85663e+16 2.09658e+16 8.03292e+14 1.5805e+15 2.1465e+16 5.91235e+15 9.65263e+15 1.2503e+16 4.72201e+15
 1.6e+06 3.35009e+16 2.21965e+16 1.6714e+15 1.94519e+15 2.71839e+16 6.52904e+15 1.18861e+16 1.47808e+16 3.11352e+15
 1.76e+06 3.58182e+16 1.85853e+16 4.08662e+15 1.04205e+15 2.69665e+16 7.55505e+15 1.18545e+16 1.49114e+16 3.0013e+15
 1.92e+06 3.79436e+16 1.62266e+16 4.54379e+15 5.74707e+14 1.73655e+16 7.26389e+15 8.40137e+15 1.28693e+16 3.12805e+13
