#NOTE: MSDs should be divided by the temperature.
#NOTE: MSDs have been divided by 2 or 10 (i.e., the viscosity computed from all components).
#Time	MSD_xx	MSD_yy	MSD_zz	MSD_xy	MSD_xz	MSD_yz	MSD_off	MSD_all	MSD_bulkvisc
 20 6.70316e+09 6.68003e+09 6.74344e+09 6.72827e+09 6.71288e+09 6.74033e+09 6.72716e+09 6.71985e+09 8.44001e+09
 40 2.10638e+10 2.09795e+10 2.12054e+10 2.11455e+10 2.1101e+10 2.11966e+10 2.11477e+10 2.11218e+10 2.95257e+10
 60 3.84786e+10 3.83059e+10 3.87806e+10 3.86586e+10 3.85574e+10 3.8781e+10 3.86656e+10 3.86081e+10 5.83009e+10
 80 5.79472e+10 5.76502e+10 5.84377e+10 5.82513e+10 5.80588e+10 5.84895e+10 5.82666e+10 5.81646e+10 9.2706e+10
 100 7.84214e+10 7.79657e+10 7.91098e+10 7.88644e+10 7.85705e+10 7.92592e+10 7.88981e+10 7.87384e+10 1.32672e+11
 120 9.9678e+10 9.90737e+10 1.00616e+11 1.00285e+11 9.9904e+10 1.00873e+11 1.00354e+11 1.00128e+11 1.77883e+11
 140 1.2293e+11 1.22191e+11 1.24195e+11 1.23703e+11 1.23278e+11 1.24517e+11 1.23833e+11 1.23542e+11 2.26926e+11
 160 1.48738e+11 1.47875e+11 1.50418e+11 1.49679e+11 1.49263e+11 1.50745e+11 1.49896e+11 1.49541e+11 2.78464e+11
 180 1.76778e+11 1.75785e+11 1.78955e+11 1.77899e+11 1.7752e+11 1.79221e+11 1.78213e+11 1.77797e+11 3.32304e+11
 200 2.06825e+11 2.05716e+11 2.09594e+11 2.08107e+11 2.07805e+11 2.0973e+11 2.08547e+11 2.0808e+11 3.88992e+11
 220 2.38773e+11 2.3754e+11 2.42206e+11 2.40181e+11 2.40013e+11 2.42179e+11 2.40791e+11 2.40277e+11 4.48619e+11
 240 2.72495e+11 2.71107e+11 2.76635e+11 2.73975e+11 2.73988e+11 2.76431e+11 2.74798e+11 2.74244e+11 5.10577e+11
 260 3.07921e+11 3.06384e+11 3.12839e+11 3.09441e+11 3.09662e+11 3.12437e+11 3.10513e+11 3.09927e+11 5.74376e+11
 280 3.45001e+11 3.43334e+11 3.50755e+11 3.46564e+11 3.47008e+11 3.50163e+11 3.47911e+11 3.47292e+11 6.40169e+11
 300 3.83651e+11 3.81862e+11 3.90287e+11 3.85268e+11 3.8596e+11 3.89553e+11 3.86927e+11 3.86263e+11 7.08373e+11
 320 4.238e+11 4.219e+11 4.31368e+11 4.2549e+11 4.26461e+11 4.30555e+11 4.27502e+11 4.26777e+11 7.79046e+11
 340 4.65412e+11 4.63446e+11 4.73978e+11 4.67219e+11 4.68523e+11 4.73154e+11 4.69632e+11 4.68824e+11 8.5187e+11
 360 5.08504e+11 5.06524e+11 5.1813e+11 5.10455e+11 5.12171e+11 5.17357e+11 5.13328e+11 5.12418e+11 9.26659e+11
 380 5.53088e+11 5.51157e+11 5.63842e+11 5.552e+11 5.57387e+11 5.63171e+11 5.58586e+11 5.57563e+11 1.00359e+12
 400 5.99158e+11 5.97351e+11 6.111e+11 6.01435e+11 6.04124e+11 6.10571e+11 6.05377e+11 6.0424e+11 1.0829e+12
 400 5.97249e+11 5.97413e+11 6.11084e+11 6.02818e+11 6.03942e+11 6.09106e+11 6.05289e+11 6.03939e+11 1.0871e+12
 800 1.77948e+12 1.78999e+12 1.8257e+12 1.78552e+12 1.79965e+12 1.82827e+12 1.80448e+12 1.80204e+12 3.13756e+12
 1200 3.34796e+12 3.39349e+12 3.45233e+12 3.35853e+12 3.39356e+12 3.46541e+12 3.40583e+12 3.40267e+12 5.86141e+12
 1600 5.19462e+12 5.29006e+12 5.37385e+12 5.21876e+12 5.28499e+12 5.41899e+12 5.30758e+12 5.29902e+12 9.08799e+12
 2000 7.25209e+12 7.42202e+12 7.51564e+12 7.3016e+12 7.41009e+12 7.62048e+12 7.44405e+12 7.42507e+12 1.26887e+13
 2400 9.46758e+12 9.73102e+12 9.83113e+12 9.55228e+12 9.71693e+12 1.00361e+13 9.76843e+12 9.73169e+12 1.66027e+13
 2800 1.18146e+13 1.21874e+13 1.22895e+13 1.19337e+13 1.21657e+13 1.26311e+13 1.22435e+13 1.2185e+13 2.07679e+13
 3200 1.4272e+13 1.47579e+13 1.48612e+13 1.44132e+13 1.47211e+13 1.53681e+13 1.48341e+13 1.47526e+13 2.51631e+13
 3600 1.68264e+13 1.74113e+13 1.75126e+13 1.69675e+13 1.73665e+13 1.82339e+13 1.75226e+13 1.74136e+13 2.97309e+13
 4000 1.94579e+13 2.01314e+13 2.02225e+13 1.95761e+13 2.00892e+13 2.1209e+13 2.02914e+13 2.01498e+13 3.44445e+13
 4400 2.21582e+13 2.29176e+13 2.29865e+13 2.22223e+13 2.28711e+13 2.42727e+13 2.31221e+13 2.29482e+13 3.92639e+13
 4800 2.49148e+13 2.57604e+13 2.58038e+13 2.49035e+13 2.57101e+13 2.74082e+13 2.60073e+13 2.58016e+13 4.41815e+13
 5200 2.77286e+13 2.86569e+13 2.86723e+13 2.76174e+13 2.8602e+13 3.06068e+13 2.89421e+13 2.87063e+13 4.91906e+13
 5600 3.05977e+13 3.1601e+13 3.15912e+13 3.03569e+13 3.15367e+13 3.38543e+13 3.1916e+13 3.16549e+13 5.42766e+13
 6000 3.35199e+13 3.45945e+13 3.45586e+13 3.31271e+13 3.45003e+13 3.71345e+13 3.49206e+13 3.46421e+13 5.94578e+13
 6400 3.64812e+13 3.7635e+13 3.75706e+13 3.59202e+13 3.74831e+13 4.04446e+13 3.79493e+13 3.76611e+13 6.4712e+13
 6800 3.9472e+13 4.07172e+13 4.06204e+13 3.87351e+13 4.0491e+13 4.37762e+13 4.10008e+13 4.07084e+13 7.00513e+13
 7200 4.24751e+13 4.38417e+13 4.37039e+13 4.15751e+13 4.35249e+13 4.71381e+13 4.40793e+13 4.37837e+13 7.54506e+13
 7600 4.54943e+13 4.70075e+13 4.68027e+13 4.44314e+13 4.65888e+13 5.05256e+13 4.71819e+13 4.68831e+13 8.08969e+13
 8000 4.85139e+13 5.02016e+13 4.99102e+13 4.73121e+13 4.96915e+13 5.39306e+13 5.03114e+13 5.00036e+13 8.63924e+13
 8000 4.89764e+13 5.0008e+13 4.901e+13 4.59713e+13 4.98779e+13 5.43482e+13 5.00658e+13 4.97721e+13 8.58101e+13
 16000 1.11511e+14 1.18268e+14 1.13284e+14 1.0481e+14 1.17924e+14 1.26277e+14 1.16337e+14 1.15544e+14 2.01179e+14
 24000 1.71042e+14 1.87513e+14 1.81706e+14 1.5991e+14 1.9216e+14 2.01102e+14 1.84391e+14 1.82669e+14 3.20391e+14
 32000 2.30693e+14 2.58824e+14 2.5527e+14 2.13023e+14 2.68485e+14 2.74046e+14 2.51851e+14 2.50416e+14 4.3989e+14
 40000 2.92055e+14 3.28832e+14 3.329e+14 2.65914e+14 3.46583e+14 3.44811e+14 3.19103e+14 3.18633e+14 5.58233e+14
 48000 3.5294e+14 3.99202e+14 4.1263e+14 3.2074e+14 4.28194e+14 4.17699e+14 3.88878e+14 3.8863e+14 6.75489e+14
 56000 4.13177e+14 4.69147e+14 4.9515e+14 3.72103e+14 5.15055e+14 4.89393e+14 4.5885e+14 4.58973e+14 7.85804e+14
 64000 4.77593e+14 5.35517e+14 5.81197e+14 4.22115e+14 6.02515e+14 5.61214e+14 5.28615e+14 5.29743e+14 8.93586e+14
 72000 5.40817e+14 5.97559e+14 6.65465e+14 4.70275e+14 6.93612e+14 6.33476e+14 5.99121e+14 5.99985e+14 1.00024e+15
 80000 6.01188e+14 6.56102e+14 7.48742e+14 5.20299e+14 7.88656e+14 7.10035e+14 6.72996e+14 6.71269e+14 1.10808e+15
 88000 6.60706e+14 7.13565e+14 8.33703e+14 5.67533e+14 8.83839e+14 7.86478e+14 7.4595e+14 7.41967e+14 1.21715e+15
 96000 7.21865e+14 7.705e+14 9.17129e+14 6.13091e+14 9.81688e+14 8.59421e+14 8.18066e+14 8.12106e+14 1.32448e+15
 104000 7.87053e+14 8.27623e+14 9.99461e+14 6.60151e+14 1.08006e+15 9.30063e+14 8.9009e+14 8.82606e+14 1.43852e+15
 112000 8.52906e+14 8.90961e+14 1.08058e+15 7.05783e+14 1.18236e+15 9.97602e+14 9.61914e+14 9.53741e+14 1.54102e+15
 120000 9.18771e+14 9.59955e+14 1.16555e+15 7.48013e+14 1.28434e+15 1.06147e+15 1.03127e+15 1.02467e+15 1.64019e+15
 128000 9.82741e+14 1.03184e+15 1.25327e+15 7.93559e+14 1.38368e+15 1.12709e+15 1.10144e+15 1.09658e+15 1.73749e+15
 136000 1.04643e+15 1.11014e+15 1.34143e+15 8.41159e+14 1.48475e+15 1.18986e+15 1.17192e+15 1.16955e+15 1.83125e+15
 144000 1.1066e+15 1.19187e+15 1.42498e+15 8.91423e+14 1.58893e+15 1.25552e+15 1.24529e+15 1.24364e+15 1.91752e+15
 152000 1.17006e+15 1.27675e+15 1.5087e+15 9.38627e+14 1.69499e+15 1.3231e+15 1.31891e+15 1.31875e+15 2.00451e+15
 160000 1.2372e+15 1.36353e+15 1.59466e+15 9.82713e+14 1.80383e+15 1.39428e+15 1.39361e+15 1.39555e+15 2.08518e+15
 160000 1.25279e+15 1.30674e+15 1.61641e+15 1.02867e+15 1.93822e+15 1.27438e+15 1.41376e+15 1.40505e+15 2.02347e+15
 320000 2.59297e+15 3.14162e+15 3.44859e+15 1.97e+15 4.19432e+15 3.14883e+15 3.10438e+15 3.08705e+15 3.57514e+15
 480000 3.7278e+15 4.77759e+15 4.92297e+15 2.96593e+15 5.69827e+15 5.11228e+15 4.59216e+15 4.54574e+15 4.28513e+15
 640000 4.7695e+15 6.60161e+15 6.12872e+15 4.01594e+15 6.94783e+15 6.78316e+15 5.91564e+15 5.8827e+15 5.64617e+15
 800000 6.12689e+15 8.8976e+15 6.8018e+15 5.30829e+15 7.96656e+15 7.59779e+15 6.95755e+15 7.0847e+15 7.35193e+15
 960000 7.91419e+15 1.15848e+16 7.10389e+15 6.61434e+15 7.81549e+15 8.30288e+15 7.57757e+15 8.0936e+15 8.49332e+15
 1.12e+06 9.81445e+15 1.44403e+16 7.10121e+15 7.24866e+15 8.11452e+15 8.90625e+15 8.08981e+15 9.03467e+15 8.70198e+15
 1.28e+06 1.18038e+16 1.71971e+16 7.02782e+15 8.03712e+15 8.86235e+15 9.99829e+15 8.96592e+15 1.01834e+16 8.92023e+15
 1.44e+06 1.45366e+16 2.03416e+16 6.84918e+15 8.76951e+15 8.99402e+15 1.19549e+16 9.90616e+15 1.15073e+16 9.25767e+15
 1.6e+06 1.76219e+16 2.39194e+16 7.71927e+15 9.43071e+15 9.085e+15 1.35585e+16 1.06914e+16 1.29829e+16 9.18895e+15
 1.76e+06 2.03767e+16 2.79827e+16 9.37959e+15 1.00003e+16 9.40648e+15 1.50399e+16 1.14822e+16 1.45879e+16 8.91866e+15
 1.92e+06 2.36328e+16 3.32719e+16 1.14086e+16 1.03013e+16 9.15132e+15 1.66965e+16 1.20497e+16 1.63383e+16 8.35526e+15
 2.08e+06 2.76881e+16 3.89023e+16 1.3625e+16 1.13587e+16 8.74675e+15 1.80424e+16 1.2716e+16 1.8325e+16 8.39256e+15
 2.24e+06 3.23937e+16 4.50977e+16 1.46923e+16 1.23161e+16 9.16196e+15 1.84057e+16 1.32946e+16 2.02679e+16 9.21409e+15
 2.4e+06 3.56051e+16 5.1665e+16 1.4936e+16 1.31004e+16 9.47471e+15 1.88252e+16 1.38001e+16 2.19075e+16 8.92456e+15
 2.56e+06 3.80359e+16 5.82247e+16 1.47133e+16 1.42982e+16 9.72804e+15 1.95502e+16 1.45255e+16 2.35118e+16 9.41137e+15
 2.72e+06 4.05756e+16 6.5227e+16 1.44943e+16 1.55213e+16 9.80949e+15 2.04845e+16 1.52718e+16 2.52026e+16 1.09467e+16
 2.88e+06 4.47434e+16 7.28948e+16 1.4403e+16 1.67788e+16 1.05178e+16 2.16205e+16 1.63057e+16 2.73889e+16 1.26963e+16
 3.04e+06 4.87064e+16 8.13234e+16 1.47257e+16 1.72107e+16 1.05883e+16 2.22561e+16 1.6685e+16 2.93118e+16 1.31525e+16
 3.2e+06 5.28863e+16 9.03866e+16 1.64784e+16 1.80893e+16 9.50981e+15 2.2111e+16 1.65701e+16 3.12422e+16 1.39731e+16
 3.2e+06 6.65515e+16 1.03126e+17 2.45621e+16 2.40043e+16 9.18423e+14 1.70994e+16 1.40074e+16 3.43031e+16 1.02402e+15
 6.4e+06 1.9737e+17 4.12139e+17 3.90921e+16 4.60381e+16 9.06321e+14 6.71035e+16 3.8016e+16 1.0929e+17 9.04395e+14
