#NOTE: MSDs should be divided by the temperature.
#NOTE: MSDs have been divided by 2 or 10 (i.e., the viscosity computed from all components).
#Time	MSD_xx	MSD_yy	MSD_zz	MSD_xy	MSD_xz	MSD_yz	MSD_off	MSD_all	MSD_bulkvisc
 10 1.86206e+09 1.81507e+09 1.88962e+09 1.80833e+09 1.89802e+09 1.82664e+09 1.84433e+09 1.84883e+09 2.15008e+09
 20 6.70559e+09 6.50876e+09 6.82093e+09 6.47577e+09 6.86035e+09 6.55749e+09 6.6312e+09 6.65009e+09 8.12957e+09
 30 1.3437e+10 1.29723e+10 1.37106e+10 1.28888e+10 1.38178e+10 1.30995e+10 1.32687e+10 1.33105e+10 1.71165e+10
 40 2.13042e+10 2.04379e+10 2.18011e+10 2.02746e+10 2.20234e+10 2.0698e+10 2.09987e+10 2.10716e+10 2.83986e+10
 50 2.99493e+10 2.85327e+10 3.07131e+10 2.82662e+10 3.1089e+10 2.89887e+10 2.9448e+10 2.95614e+10 4.14379e+10
 60 3.92735e+10 3.71447e+10 4.03313e+10 3.67735e+10 4.08692e+10 3.78657e+10 3.85028e+10 3.86683e+10 5.58867e+10
 70 4.92053e+10 4.61891e+10 5.05856e+10 4.5739e+10 5.12559e+10 4.72404e+10 4.80784e+10 4.83111e+10 7.15902e+10
 80 5.96209e+10 5.55221e+10 6.13521e+10 5.50383e+10 6.21141e+10 5.69803e+10 5.80442e+10 5.83592e+10 8.85223e+10
 90 7.03654e+10 6.49639e+10 7.24638e+10 6.45003e+10 7.33084e+10 6.69497e+10 6.82528e+10 6.86574e+10 1.06701e+11
 100 8.13334e+10 7.44093e+10 8.38122e+10 7.40202e+10 8.47843e+10 7.70833e+10 7.86292e+10 7.91182e+10 1.26119e+11
 110 9.25621e+10 8.39055e+10 9.54292e+10 8.36454e+10 9.66304e+10 8.74482e+10 8.92413e+10 8.97977e+10 1.46698e+11
 120 1.04216e+11 9.36384e+10 1.0748e+11 9.35537e+10 1.09026e+11 9.82183e+10 1.00266e+11 1.00871e+11 1.68279e+11
 130 1.16476e+11 1.03821e+11 1.20152e+11 1.03957e+11 1.22154e+11 1.0956e+11 1.1189e+11 1.12527e+11 1.90655e+11
 140 1.29442e+11 1.14576e+11 1.33549e+11 1.1498e+11 1.3613e+11 1.21544e+11 1.24218e+11 1.24873e+11 2.13617e+11
 150 1.43126e+11 1.25926e+11 1.47687e+11 1.26617e+11 1.50972e+11 1.34152e+11 1.37247e+11 1.37913e+11 2.37025e+11
 160 1.57486e+11 1.37826e+11 1.62513e+11 1.38788e+11 1.6663e+11 1.47324e+11 1.50914e+11 1.51592e+11 2.60828e+11
 170 1.72465e+11 1.50219e+11 1.77963e+11 1.51408e+11 1.83028e+11 1.61008e+11 1.65148e+11 1.65842e+11 2.85047e+11
 180 1.88033e+11 1.63082e+11 1.93995e+11 1.64421e+11 2.00085e+11 1.75174e+11 1.79893e+11 1.80617e+11 3.09749e+11
 190 2.04186e+11 1.76413e+11 2.10589e+11 1.77815e+11 2.17758e+11 1.89807e+11 1.95127e+11 1.95901e+11 3.35007e+11
 200 2.20921e+11 1.90195e+11 2.27727e+11 1.91595e+11 2.36012e+11 2.04888e+11 2.10832e+11 2.11678e+11 3.60855e+11
 200 2.25138e+11 1.93655e+11 2.27036e+11 1.8795e+11 2.3553e+11 2.08233e+11 2.10571e+11 2.12453e+11 3.62159e+11
 400 6.69205e+11 5.45787e+11 6.81295e+11 5.42037e+11 7.12002e+11 5.8777e+11 6.13936e+11 6.212e+11 9.61705e+11
 600 1.30114e+12 1.03089e+12 1.31603e+12 1.00345e+12 1.4017e+12 1.11074e+12 1.17197e+12 1.18959e+12 1.68127e+12
 800 2.07798e+12 1.63508e+12 2.10611e+12 1.54799e+12 2.26506e+12 1.74716e+12 1.8534e+12 1.88793e+12 2.48693e+12
 1000 2.97792e+12 2.34439e+12 3.02641e+12 2.15034e+12 3.27589e+12 2.47369e+12 2.63331e+12 2.69315e+12 3.35957e+12
 1200 3.96899e+12 3.13377e+12 4.04454e+12 2.81013e+12 4.39402e+12 3.27081e+12 3.49166e+12 3.5813e+12 4.25402e+12
 1400 5.05782e+12 4.00781e+12 5.15626e+12 3.53356e+12 5.62187e+12 4.12688e+12 4.42744e+12 4.55271e+12 5.17867e+12
 1600 6.214e+12 4.93899e+12 6.35091e+12 4.29758e+12 6.93014e+12 5.04842e+12 5.42538e+12 5.58908e+12 6.13476e+12
 1800 7.44123e+12 5.92607e+12 7.60874e+12 5.11161e+12 8.3114e+12 5.99626e+12 6.47309e+12 6.68066e+12 7.12149e+12
 2000 8.72305e+12 6.96634e+12 8.94405e+12 5.97119e+12 9.74054e+12 6.98362e+12 7.56512e+12 7.82353e+12 8.12345e+12
 2200 1.00547e+13 8.06423e+12 1.03393e+13 6.8738e+12 1.12206e+13 8.02243e+12 8.70561e+12 9.01779e+12 9.12926e+12
 2400 1.14451e+13 9.21245e+12 1.17941e+13 7.81304e+12 1.27509e+13 9.11624e+12 9.89339e+12 1.02629e+13 1.01871e+13
 2600 1.28722e+13 1.04129e+13 1.33169e+13 8.76894e+12 1.43144e+13 1.02577e+13 1.11137e+13 1.15485e+13 1.12921e+13
 2800 1.43458e+13 1.16661e+13 1.49166e+13 9.75041e+12 1.59127e+13 1.14453e+13 1.23695e+13 1.28788e+13 1.24173e+13
 3000 1.58441e+13 1.29588e+13 1.65765e+13 1.07416e+13 1.75363e+13 1.26827e+13 1.36535e+13 1.42427e+13 1.35756e+13
 3200 1.73613e+13 1.42876e+13 1.83168e+13 1.17526e+13 1.91871e+13 1.39432e+13 1.4961e+13 1.56387e+13 1.47321e+13
 3400 1.8905e+13 1.56414e+13 2.01188e+13 1.2784e+13 2.08619e+13 1.52389e+13 1.62949e+13 1.70657e+13 1.58707e+13
 3600 2.04849e+13 1.70137e+13 2.19943e+13 1.38178e+13 2.2574e+13 1.6551e+13 1.76476e+13 1.8521e+13 1.70177e+13
 3800 2.21008e+13 1.84026e+13 2.39345e+13 1.48598e+13 2.43295e+13 1.78826e+13 1.9024e+13 2.00061e+13 1.81722e+13
 4000 2.37611e+13 1.98153e+13 2.59222e+13 1.59275e+13 2.61113e+13 1.92471e+13 2.04286e+13 2.15236e+13 1.93322e+13
 4000 2.41541e+13 2.17383e+13 2.69747e+13 1.67055e+13 2.43533e+13 1.80384e+13 1.96991e+13 2.1535e+13 1.69009e+13
 8000 6.30727e+13 5.45283e+13 7.5011e+13 3.97423e+13 6.40177e+13 5.18618e+13 5.1874e+13 5.6806e+13 3.75678e+13
 12000 1.10297e+14 8.2888e+13 1.3763e+14 5.57205e+13 1.20811e+14 9.21105e+13 8.95472e+13 9.78369e+13 5.26898e+13
 16000 1.67119e+14 1.05331e+14 2.10418e+14 7.8019e+13 1.77472e+14 1.32019e+14 1.2917e+14 1.41884e+14 5.89372e+13
 20000 2.25542e+14 1.39059e+14 2.93753e+14 1.05437e+14 2.38342e+14 1.67825e+14 1.70535e+14 1.90101e+14 7.19451e+13
 24000 2.91435e+14 1.72059e+14 3.70362e+14 1.36452e+14 3.00484e+14 1.99051e+14 2.11996e+14 2.38378e+14 8.74706e+13
 28000 3.47947e+14 1.92267e+14 4.44662e+14 1.7014e+14 3.72638e+14 2.23175e+14 2.55318e+14 2.84508e+14 9.46894e+13
 32000 4.06994e+14 1.90745e+14 5.17091e+14 2.03371e+14 4.40448e+14 2.40517e+14 2.94779e+14 3.25511e+14 1.06511e+14
 36000 4.83176e+14 1.86238e+14 5.83097e+14 2.28109e+14 5.09788e+14 2.61833e+14 3.33244e+14 3.66948e+14 1.15452e+14
 40000 5.7491e+14 1.83439e+14 6.4059e+14 2.53469e+14 5.73995e+14 2.94207e+14 3.7389e+14 4.10859e+14 1.35602e+14
 44000 6.71419e+14 1.78184e+14 7.15014e+14 2.85267e+14 6.27394e+14 3.40662e+14 4.17774e+14 4.5928e+14 1.51114e+14
 48000 7.82479e+14 1.83665e+14 8.02575e+14 3.1197e+14 6.84014e+14 3.93627e+14 4.63204e+14 5.13751e+14 1.53514e+14
 52000 8.9871e+14 1.96862e+14 8.87892e+14 3.27555e+14 7.34368e+14 4.48202e+14 5.03375e+14 5.66487e+14 1.413e+14
 56000 1.00898e+15 1.98579e+14 9.72223e+14 3.42098e+14 7.95465e+14 5.0481e+14 5.47458e+14 6.19113e+14 1.33181e+14
 60000 1.10906e+15 2.03336e+14 1.05688e+15 3.53438e+14 8.62147e+14 5.64148e+14 5.93244e+14 6.7185e+14 1.35752e+14
 64000 1.19519e+15 2.21965e+14 1.13238e+15 3.68071e+14 9.36952e+14 6.1864e+14 6.41221e+14 7.24672e+14 1.23888e+14
 68000 1.27658e+15 2.54246e+14 1.20514e+15 3.86168e+14 1.01415e+15 6.72969e+14 6.91094e+14 7.79452e+14 1.11205e+14
 72000 1.33131e+15 2.89922e+14 1.27322e+15 4.00223e+14 1.11003e+15 7.27958e+14 7.46071e+14 8.33569e+14 1.01009e+14
 76000 1.37399e+15 3.34483e+14 1.32952e+15 4.00738e+14 1.20509e+15 7.95457e+14 8.00427e+14 8.85321e+14 1.09189e+14
 80000 1.39502e+15 3.67895e+14 1.37726e+15 4.02424e+14 1.30818e+15 8.79752e+14 8.63452e+14 9.36761e+14 1.11098e+14
 80000 2.06426e+15 8.82367e+14 2.77686e+14 5.98512e+14 8.83849e+14 6.45713e+14 7.09358e+14 8.55523e+14 2.15376e+14
 160000 5.06178e+14 3.53824e+13 2.73906e+14 8.33964e+14 1.4359e+15 1.72889e+15 1.33292e+15 9.08478e+14 5.13111e+14
