#NOTE: MSDs should be divided by the temperature.
#NOTE: MSDs have been divided by 2 or 10 (i.e., the viscosity computed from all components).
#Time	MSD_xx	MSD_yy	MSD_zz	MSD_xy	MSD_xz	MSD_yz	MSD_off	MSD_all	MSD_bulkvisc
 20 6.68814e+09 6.6882e+09 6.74228e+09 6.71092e+09 6.71092e+09 6.74871e+09 6.72352e+09 6.71659e+09 8.44643e+09
 40 2.10126e+10 2.10057e+10 2.12101e+10 2.1081e+10 2.10932e+10 2.12303e+10 2.11348e+10 2.11114e+10 2.95506e+10
 60 3.838e+10 3.83565e+10 3.88038e+10 3.85234e+10 3.85451e+10 3.88487e+10 3.86391e+10 3.85888e+10 5.83569e+10
 80 5.77863e+10 5.77278e+10 5.84916e+10 5.80214e+10 5.80555e+10 5.85992e+10 5.82254e+10 5.8136e+10 9.28073e+10
 100 7.81843e+10 7.80642e+10 7.92078e+10 7.85133e+10 7.86017e+10 7.94283e+10 7.88478e+10 7.87028e+10 1.32831e+11
 120 9.93596e+10 9.91743e+10 1.00765e+11 9.97809e+10 1.00002e+11 1.01125e+11 1.00303e+11 1.00088e+11 1.7811e+11
 140 1.22532e+11 1.2228e+11 1.24389e+11 1.23017e+11 1.23467e+11 1.24883e+11 1.23789e+11 1.235e+11 2.27231e+11
 160 1.48267e+11 1.47943e+11 1.50656e+11 1.48784e+11 1.49568e+11 1.51251e+11 1.49868e+11 1.49503e+11 2.78842e+11
 180 1.76237e+11 1.75832e+11 1.7925e+11 1.7677e+11 1.77963e+11 1.79885e+11 1.78206e+11 1.77766e+11 3.32732e+11
 200 2.06217e+11 2.05742e+11 2.09952e+11 2.06722e+11 2.08396e+11 2.10555e+11 2.08558e+11 2.08056e+11 3.89433e+11
 220 2.38101e+11 2.3755e+11 2.42632e+11 2.38526e+11 2.40756e+11 2.43157e+11 2.40813e+11 2.40259e+11 4.49032e+11
 240 2.7176e+11 2.71101e+11 2.77123e+11 2.72045e+11 2.74893e+11 2.77562e+11 2.74833e+11 2.74231e+11 5.10912e+11
 260 3.07126e+11 3.06349e+11 3.13375e+11 3.07236e+11 3.10752e+11 3.13731e+11 3.10573e+11 3.09924e+11 5.74579e+11
 280 3.44156e+11 3.43258e+11 3.51341e+11 3.44086e+11 3.48312e+11 3.51637e+11 3.48012e+11 3.47308e+11 6.40182e+11
 300 3.82762e+11 3.81741e+11 3.90939e+11 3.82511e+11 3.87513e+11 3.91226e+11 3.87083e+11 3.86309e+11 7.08144e+11
 320 4.2286e+11 4.21737e+11 4.32087e+11 4.22447e+11 4.2829e+11 4.32446e+11 4.27728e+11 4.26861e+11 7.78538e+11
 340 4.6442e+11 4.6324e+11 4.74771e+11 4.63883e+11 4.70647e+11 4.75279e+11 4.69936e+11 4.68953e+11 8.5106e+11
 360 5.07458e+11 5.0627e+11 5.19013e+11 5.06825e+11 5.14606e+11 5.1972e+11 5.13717e+11 5.12596e+11 9.25526e+11
 380 5.51996e+11 5.50847e+11 5.64829e+11 5.51278e+11 5.60151e+11 5.65775e+11 5.59068e+11 5.57797e+11 1.0021e+12
 400 5.98027e+11 5.9696e+11 6.12203e+11 5.97211e+11 6.07243e+11 6.13419e+11 6.05958e+11 6.04533e+11 1.08104e+12
 400 5.95547e+11 5.95532e+11 6.11623e+11 5.99066e+11 6.07611e+11 6.13314e+11 6.06664e+11 6.04358e+11 1.08535e+12
 800 1.77648e+12 1.78536e+12 1.83024e+12 1.77494e+12 1.81606e+12 1.84244e+12 1.81115e+12 1.80563e+12 3.1215e+12
 1200 3.34387e+12 3.38697e+12 3.46561e+12 3.33976e+12 3.42601e+12 3.49291e+12 3.41956e+12 3.41126e+12 5.82735e+12
 1600 5.19439e+12 5.28834e+12 5.40397e+12 5.19443e+12 5.33495e+12 5.46204e+12 5.33048e+12 5.31651e+12 9.03285e+12
 2000 7.26322e+12 7.42945e+12 7.57069e+12 7.27201e+12 7.47942e+12 7.67888e+12 7.47677e+12 7.45451e+12 1.26124e+13
 2400 9.49715e+12 9.75515e+12 9.9178e+12 9.51907e+12 9.80348e+12 1.01077e+13 9.81009e+12 9.7754e+12 1.64973e+13
 2800 1.18666e+13 1.22276e+13 1.24158e+13 1.19002e+13 1.22636e+13 1.27148e+13 1.22929e+13 1.22437e+13 2.06314e+13
 3200 1.43492e+13 1.48148e+13 1.50375e+13 1.4386e+13 1.48259e+13 1.54683e+13 1.48934e+13 1.48296e+13 2.49836e+13
 3600 1.69294e+13 1.74883e+13 1.77513e+13 1.69531e+13 1.7475e+13 1.8349e+13 1.75924e+13 1.75113e+13 2.94952e+13
 4000 1.95862e+13 2.02281e+13 2.05317e+13 1.95831e+13 2.02026e+13 2.13392e+13 2.03749e+13 2.02711e+13 3.41483e+13
 4400 2.23111e+13 2.30289e+13 2.33713e+13 2.22628e+13 2.29929e+13 2.44205e+13 2.32254e+13 2.30968e+13 3.8896e+13
 4800 2.50913e+13 2.5881e+13 2.62662e+13 2.49837e+13 2.58407e+13 2.75734e+13 2.61326e+13 2.5978e+13 4.37354e+13
 5200 2.79296e+13 2.87833e+13 2.92155e+13 2.77418e+13 2.87439e+13 3.07894e+13 2.90917e+13 2.89121e+13 4.86582e+13
 5600 3.08236e+13 3.17312e+13 3.22161e+13 3.05327e+13 3.16962e+13 3.40554e+13 3.20947e+13 3.1893e+13 5.36483e+13
 6000 3.37671e+13 3.47259e+13 3.52671e+13 3.33577e+13 3.46813e+13 3.73562e+13 3.51317e+13 3.49137e+13 5.87211e+13
 6400 3.67468e+13 3.77631e+13 3.83623e+13 3.6216e+13 3.76929e+13 4.06837e+13 3.81975e+13 3.79682e+13 6.386e+13
 6800 3.97543e+13 4.08404e+13 4.1497e+13 3.9105e+13 4.07313e+13 4.40298e+13 4.12887e+13 4.10521e+13 6.90743e+13
 7200 4.27736e+13 4.39576e+13 4.46662e+13 4.20248e+13 4.37932e+13 4.74041e+13 4.44074e+13 4.41641e+13 7.43459e+13
 7600 4.58037e+13 4.71116e+13 4.78565e+13 4.49669e+13 4.68814e+13 5.08074e+13 4.75519e+13 4.73007e+13 7.96651e+13
 8000 4.88284e+13 5.02916e+13 5.10596e+13 4.79405e+13 5.00041e+13 5.42309e+13 5.07251e+13 5.0459e+13 8.5041e+13
 8000 4.86087e+13 4.97219e+13 5.07531e+13 4.66246e+13 4.96635e+13 5.4742e+13 5.03434e+13 5.00838e+13 8.52258e+13
 16000 1.10643e+14 1.1772e+14 1.17699e+14 1.09088e+14 1.17447e+14 1.28251e+14 1.18262e+14 1.17099e+14 1.99794e+14
 24000 1.70316e+14 1.86259e+14 1.88837e+14 1.69505e+14 1.92581e+14 2.06323e+14 1.8947e+14 1.86404e+14 3.15425e+14
 32000 2.27716e+14 2.55237e+14 2.6189e+14 2.2909e+14 2.68843e+14 2.82635e+14 2.60189e+14 2.55426e+14 4.29877e+14
 40000 2.87381e+14 3.22377e+14 3.38899e+14 2.89041e+14 3.44892e+14 3.58011e+14 3.30648e+14 3.24876e+14 5.41416e+14
 48000 3.47076e+14 3.88745e+14 4.17348e+14 3.50497e+14 4.23918e+14 4.34132e+14 4.02849e+14 3.95465e+14 6.51211e+14
 56000 4.07429e+14 4.56755e+14 5.00502e+14 4.10958e+14 5.07171e+14 5.10003e+14 4.76044e+14 4.67585e+14 7.57812e+14
 64000 4.7021e+14 5.23857e+14 5.86372e+14 4.70249e+14 5.92698e+14 5.8439e+14 5.49112e+14 5.40193e+14 8.6465e+14
 72000 5.30756e+14 5.88012e+14 6.70905e+14 5.26328e+14 6.81593e+14 6.57298e+14 6.2174e+14 6.11667e+14 9.71392e+14
 80000 5.88494e+14 6.48279e+14 7.52889e+14 5.82795e+14 7.74745e+14 7.33542e+14 6.97028e+14 6.83505e+14 1.07962e+15
 88000 6.46883e+14 7.06599e+14 8.36756e+14 6.36417e+14 8.67763e+14 8.09728e+14 7.71303e+14 7.54813e+14 1.19196e+15
 96000 7.08243e+14 7.64109e+14 9.18662e+14 6.87746e+14 9.62127e+14 8.83114e+14 8.44329e+14 8.25399e+14 1.30054e+15
 104000 7.72707e+14 8.20011e+14 9.96949e+14 7.38548e+14 1.05382e+15 9.54739e+14 9.15704e+14 8.94711e+14 1.41343e+15
 112000 8.40337e+14 8.81745e+14 1.07502e+15 7.88927e+14 1.14701e+15 1.02425e+15 9.86728e+14 9.64984e+14 1.52015e+15
 120000 9.06829e+14 9.47566e+14 1.15726e+15 8.36974e+14 1.23912e+15 1.09312e+15 1.05641e+15 1.0354e+15 1.6218e+15
 128000 9.70321e+14 1.0145e+15 1.24211e+15 8.87838e+14 1.32968e+15 1.16748e+15 1.12833e+15 1.10726e+15 1.72196e+15
 136000 1.03255e+15 1.08409e+15 1.32855e+15 9.40714e+14 1.42439e+15 1.24158e+15 1.20223e+15 1.18069e+15 1.82091e+15
 144000 1.0905e+15 1.15418e+15 1.41178e+15 9.9718e+14 1.52418e+15 1.31864e+15 1.28e+15 1.25553e+15 1.91516e+15
 152000 1.15098e+15 1.22621e+15 1.49286e+15 1.05231e+15 1.6282e+15 1.39776e+15 1.35942e+15 1.33166e+15 2.00809e+15
 160000 1.21615e+15 1.2989e+15 1.57392e+15 1.10644e+15 1.7344e+15 1.47948e+15 1.44011e+15 1.40926e+15 2.0932e+15
 160000 1.21151e+15 1.24054e+15 1.53154e+15 1.13555e+15 1.91825e+15 1.37549e+15 1.47643e+15 1.417e+15 2.21815e+15
 320000 2.48298e+15 2.71243e+15 3.19092e+15 2.32346e+15 4.10697e+15 3.51744e+15 3.31596e+15 3.10775e+15 4.12955e+15
 480000 3.54244e+15 4.15169e+15 4.59849e+15 3.39865e+15 6.06942e+15 5.38331e+15 4.95046e+15 4.60929e+15 5.3229e+15
 640000 4.61783e+15 5.66646e+15 5.71278e+15 4.38981e+15 7.8309e+15 6.73916e+15 6.31995e+15 5.92492e+15 7.61906e+15
 800000 5.79809e+15 7.62905e+15 6.59486e+15 5.72894e+15 9.96348e+15 7.33803e+15 7.67682e+15 7.27569e+15 1.00551e+16
 960000 7.33656e+15 9.59852e+15 6.88433e+15 7.31652e+15 1.1537e+16 7.69008e+15 8.84785e+15 8.48463e+15 1.14384e+16
 1.12e+06 8.86628e+15 1.18147e+16 7.02345e+15 8.79068e+15 1.36903e+16 8.0832e+15 1.01881e+16 9.80677e+15 1.23882e+16
 1.28e+06 1.05316e+16 1.3823e+16 6.99521e+15 1.06194e+16 1.63254e+16 8.94921e+15 1.19647e+16 1.13588e+16 1.28961e+16
 1.44e+06 1.26239e+16 1.6159e+16 6.57775e+15 1.24444e+16 1.81845e+16 1.04834e+16 1.37041e+16 1.29372e+16 1.25385e+16
 1.6e+06 1.48673e+16 1.8783e+16 6.9759e+15 1.44165e+16 2.03802e+16 1.18376e+16 1.55448e+16 1.47437e+16 1.23765e+16
 1.76e+06 1.6837e+16 2.19367e+16 8.52678e+15 1.65273e+16 2.23236e+16 1.34426e+16 1.74312e+16 1.67654e+16 1.17872e+16
 1.92e+06 1.93661e+16 2.56559e+16 1.00941e+16 1.83009e+16 2.36377e+16 1.5349e+16 1.90959e+16 1.88063e+16 1.11463e+16
 2.08e+06 2.2474e+16 2.99778e+16 1.18636e+16 2.07831e+16 2.41144e+16 1.67903e+16 2.05626e+16 2.09129e+16 1.16035e+16
 2.24e+06 2.59174e+16 3.48782e+16 1.28421e+16 2.32282e+16 2.54344e+16 1.71515e+16 2.1938e+16 2.29812e+16 1.26819e+16
 2.4e+06 2.81958e+16 3.99429e+16 1.29402e+16 2.557e+16 2.68213e+16 1.74671e+16 2.32862e+16 2.47822e+16 1.38697e+16
 2.56e+06 2.9507e+16 4.46554e+16 1.22472e+16 2.77128e+16 2.77787e+16 1.79311e+16 2.44742e+16 2.62058e+16 1.49636e+16
 2.72e+06 3.09504e+16 4.9511e+16 1.18415e+16 2.94817e+16 2.83107e+16 1.85064e+16 2.54329e+16 2.75668e+16 1.67434e+16
 2.88e+06 3.37909e+16 5.46764e+16 1.17228e+16 3.10938e+16 2.81007e+16 1.94609e+16 2.62185e+16 2.90898e+16 1.88999e+16
 3.04e+06 3.63457e+16 6.03508e+16 1.14342e+16 3.18707e+16 2.73424e+16 2.00638e+16 2.64256e+16 3.02728e+16 2.015e+16
 3.2e+06 3.91316e+16 6.62463e+16 1.27917e+16 3.2736e+16 2.63367e+16 2.01987e+16 2.64238e+16 3.16102e+16 2.1762e+16
 3.2e+06 4.50281e+16 6.92364e+16 1.86534e+16 5.4981e+16 3.68856e+16 1.41076e+16 3.53247e+16 3.89172e+16 2.14288e+15
 6.4e+06 1.0786e+17 2.43403e+17 2.9039e+16 3.05706e+16 6.93605e+16 3.37808e+16 4.45706e+16 7.74492e+16 6.33153e+15
 9.6e+06 2.38903e+17 3.64592e+17 1.32336e+16 1.62287e+16 1.29588e+17 2.85307e+16 5.81159e+16 1.171e+17 8.9851e+15
