#NOTE: MSDs should be divided by (temperature^2).
#NOTE: MSDs have been divided by 2.
#Time	MSD_x	MSD_y	MSD_z	MSD_all
 20 149.272 149.176 149.039 149.162
 40 231.024 230.825 230.982 230.944
 60 276.993 276.776 277.139 276.969
 80 346.057 345.753 346.366 346.059
 100 425.29 425.078 425.617 425.329
 120 461.376 461.318 461.85 461.515
 140 501.131 501.283 501.772 501.395
 160 553.857 554.475 554.89 554.407
 180 608.788 609.55 609.695 609.344
 200 662.206 663.473 663.329 663.003
 220 719.462 721.198 720.782 720.48
 240 775.12 777.148 776.783 776.35
 260 825.414 827.546 827.278 826.746
 280 871.963 874.551 874.212 873.575
 300 915.895 918.801 918.56 917.752
 320 958.551 961.839 961.786 960.725
 340 1000.09 1003.59 1003.74 1002.47
 360 1040.45 1044.22 1044.3 1042.99
 380 1079.45 1083.58 1083.91 1082.31
 400 1117.41 1121.81 1122.25 1120.49
 400 1114.45 1121.1 1119.16 1118.24
 800 1754.74 1758.35 1762.75 1758.61
 1200 2343.32 2347.42 2353.21 2347.98
 1600 2911.72 2921.24 2925.07 2919.34
 2000 3479.59 3489.67 3496.52 3488.59
 2400 4040.78 4055.15 4069.61 4055.18
 2800 4600.64 4618.64 4638.03 4619.1
 3200 5151.12 5176.63 5199.52 5175.76
 3600 5707.24 5729.59 5763.6 5733.48
 4000 6264.49 6284.73 6327.73 6292.32
 4400 6823.31 6831.83 6888.85 6848
 4800 7370.41 7383.31 7447.74 7400.49
 5200 7922.47 7936.7 8005.16 7954.78
 5600 8481.66 8485.04 8560.91 8509.2
 6000 9035.36 9032.01 9116.19 9061.18
 6400 9591.75 9579.55 9668.48 9613.26
 6800 10148.3 10122.1 10220.5 10163.6
 7200 10704.5 10666.4 10774.2 10715
 7600 11255.8 11207.7 11330 11264.5
 8000 11805.6 11746.9 11887.2 11813.3
 8000 11792.7 11719.6 11937.9 11816.7
 16000 22682.1 22909.3 23085.9 22892.4
 24000 33461.5 34122.9 34193.7 33926
 32000 44049.6 45084.4 45328.1 44820.7
 40000 55006.4 56057.5 56655.5 55906.5
 48000 66110.8 67454.6 67913.5 67159.7
 56000 76811.6 79219 79039.6 78356.7
 64000 87767.5 90861.5 90106.9 89578.6
 72000 98725 102467 101103 100765
 80000 109814 114050 111964 111943
 88000 121077 126041 122662 123260
 96000 132637 138023 133380 134680
 104000 143903 150299 143926 146042
 112000 154779 162641 154234 157218
 120000 166094 174873 164718 168562
 128000 177428 187111 175047 179862
 136000 188492 199344 185528 191121
 144000 199927 211653 196122 202567
 152000 211418 223899 206834 214050
 160000 222816 236330 217802 225649
 160000 226298 247437 212398 228711
 320000 446544 500150 430801 459165
 480000 653821 736265 623980 671355
 640000 844632 963695 817789 875372
 800000 1.06544e+06 1.18541e+06 990536 1.08046e+06
 960000 1.29286e+06 1.4059e+06 1.15975e+06 1.28617e+06
 1.12e+06 1.51803e+06 1.61159e+06 1.33503e+06 1.48822e+06
 1.28e+06 1.72981e+06 1.76087e+06 1.49998e+06 1.66355e+06
 1.44e+06 1.94012e+06 1.90508e+06 1.64608e+06 1.83043e+06
 1.6e+06 2.15858e+06 2.04996e+06 1.77052e+06 1.99302e+06
 1.76e+06 2.42216e+06 2.20965e+06 1.91647e+06 2.18276e+06
 1.92e+06 2.67247e+06 2.36176e+06 2.08135e+06 2.37186e+06
 2.08e+06 2.91944e+06 2.52456e+06 2.20917e+06 2.55106e+06
 2.24e+06 3.15715e+06 2.7127e+06 2.3118e+06 2.72722e+06
 2.4e+06 3.37507e+06 2.93715e+06 2.4162e+06 2.90947e+06
 2.56e+06 3.6398e+06 3.21716e+06 2.50702e+06 3.12133e+06
 2.72e+06 3.89049e+06 3.49637e+06 2.59806e+06 3.32831e+06
 2.88e+06 4.13013e+06 3.76696e+06 2.73189e+06 3.54299e+06
 3.04e+06 4.3321e+06 4.05093e+06 2.88672e+06 3.75659e+06
 3.2e+06 4.55605e+06 4.36514e+06 3.05412e+06 3.99177e+06
 3.2e+06 5.81898e+06 5.30544e+06 2.24068e+06 4.45503e+06
 6.4e+06 1.12199e+07 1.09508e+07 4.78523e+06 8.98529e+06
 9.6e+06 1.51576e+07 1.76172e+07 6.69692e+06 1.31573e+07
 1.28e+07 1.8209e+07 2.61966e+07 8.36005e+06 1.75885e+07
 1.6e+07 1.43875e+07 3.41176e+07 1.05806e+07 1.96952e+07
 1.92e+07 1.37437e+07 4.21738e+07 1.21399e+07 2.26858e+07
 2.24e+07 1.37224e+07 5.38512e+07 1.22434e+07 2.66057e+07
 2.56e+07 1.47205e+07 6.66078e+07 1.30701e+07 3.14661e+07
 2.88e+07 1.67291e+07 7.81396e+07 1.28314e+07 3.59e+07
 3.2e+07 1.54925e+07 8.83751e+07 1.39761e+07 3.92812e+07
 3.52e+07 1.27616e+07 9.60621e+07 1.63456e+07 4.17231e+07
 3.84e+07 8.79146e+06 1.01521e+08 2.00337e+07 4.34487e+07
 4.16e+07 6.97366e+06 1.03009e+08 2.32251e+07 4.44025e+07
 4.48e+07 9.58965e+06 9.90561e+07 2.55614e+07 4.47357e+07
 4.8e+07 1.30828e+07 9.15824e+07 2.85304e+07 4.43985e+07
 5.12e+07 1.55105e+07 8.48336e+07 3.24856e+07 4.42766e+07
 5.44e+07 1.99101e+07 7.1982e+07 3.45999e+07 4.2164e+07
 5.76e+07 2.07981e+07 6.63092e+07 3.41635e+07 4.04236e+07
 6.08e+07 1.19938e+07 6.16966e+07 3.58591e+07 3.65165e+07
 6.4e+07 1.17956e+07 5.32268e+07 3.24678e+07 3.24968e+07
 6.4e+07 2.80303e+07 7.57303e+06 88055.4 1.18971e+07
