#NOTE: MSDs should be divided by the temperature.
#NOTE: MSDs have been divided by 2 or 10 (i.e., the viscosity computed from all components).
#Time	MSD_xx	MSD_yy	MSD_zz	MSD_xy	MSD_xz	MSD_yz	MSD_off	MSD_all	MSD_bulkvisc
 10 1.845e+09 1.8493e+09 1.8526e+09 1.84316e+09 1.85298e+09 1.8483e+09 1.84815e+09 1.84847e+09 2.23121e+09
 20 6.6313e+09 6.64839e+09 6.66213e+09 6.62547e+09 6.66424e+09 6.64504e+09 6.64492e+09 6.64586e+09 8.45369e+09
 30 1.3253e+10 1.32936e+10 1.3325e+10 1.3246e+10 1.33307e+10 1.32878e+10 1.32881e+10 1.32891e+10 1.78436e+10
 40 2.09412e+10 2.10206e+10 2.10756e+10 2.0941e+10 2.10862e+10 2.10119e+10 2.1013e+10 2.10128e+10 2.96874e+10
 50 2.93228e+10 2.9459e+10 2.95427e+10 2.93386e+10 2.95572e+10 2.94477e+10 2.94479e+10 2.94453e+10 4.3445e+10
 60 3.82945e+10 3.85053e+10 3.86234e+10 3.83362e+10 3.86383e+10 3.84956e+10 3.849e+10 3.84838e+10 5.87662e+10
 70 4.77817e+10 4.8082e+10 4.82429e+10 4.78592e+10 4.82537e+10 4.80844e+10 4.80658e+10 4.80537e+10 7.55023e+10
 80 5.76558e+10 5.80587e+10 5.82728e+10 5.77792e+10 5.82768e+10 5.80881e+10 5.8048e+10 5.80271e+10 9.36383e+10
 90 6.77522e+10 6.8274e+10 6.85521e+10 6.79341e+10 6.85475e+10 6.83463e+10 6.8276e+10 6.82427e+10 1.13202e+11
 100 7.7966e+10 7.86273e+10 7.89811e+10 7.82199e+10 7.89647e+10 7.87565e+10 7.8647e+10 7.85981e+10 1.34196e+11
 110 8.8332e+10 8.91552e+10 8.95967e+10 8.86673e+10 8.95633e+10 8.93533e+10 8.91946e+10 8.9128e+10 1.56545e+11
 120 9.90127e+10 1.00018e+11 1.0056e+11 9.9431e+10 1.00503e+11 1.00296e+11 1.00077e+11 9.99915e+10 1.80089e+11
 130 1.10204e+11 1.11407e+11 1.12061e+11 1.10699e+11 1.11974e+11 1.11774e+11 1.11483e+11 1.11379e+11 2.04612e+11
 140 1.22032e+11 1.23446e+11 1.24222e+11 1.22593e+11 1.241e+11 1.23908e+11 1.23533e+11 1.23413e+11 2.29904e+11
 150 1.34524e+11 1.36157e+11 1.37061e+11 1.35138e+11 1.36902e+11 1.36718e+11 1.36253e+11 1.36117e+11 2.55817e+11
 160 1.47637e+11 1.49498e+11 1.50532e+11 1.48291e+11 1.50338e+11 1.50162e+11 1.49597e+11 1.49447e+11 2.82289e+11
 170 1.61311e+11 1.6341e+11 1.64571e+11 1.61993e+11 1.64349e+11 1.64175e+11 1.63506e+11 1.63342e+11 3.0934e+11
 180 1.75504e+11 1.77856e+11 1.79139e+11 1.76204e+11 1.78894e+11 1.78713e+11 1.77937e+11 1.77762e+11 3.37043e+11
 190 1.90198e+11 1.92817e+11 1.94217e+11 1.90906e+11 1.93957e+11 1.93753e+11 1.92872e+11 1.92687e+11 3.65477e+11
 200 2.05383e+11 2.08284e+11 2.09798e+11 2.06093e+11 2.09527e+11 2.09287e+11 2.08302e+11 2.0811e+11 3.94683e+11
 200 2.05809e+11 2.08598e+11 2.09901e+11 2.06152e+11 2.09897e+11 2.08901e+11 2.08317e+11 2.08231e+11 3.9482e+11
 400 5.97522e+11 6.09111e+11 6.14892e+11 5.98436e+11 6.12186e+11 6.10053e+11 6.06892e+11 6.07005e+11 1.09974e+12
 600 1.13163e+12 1.15717e+12 1.16957e+12 1.1376e+12 1.16416e+12 1.16213e+12 1.15463e+12 1.15389e+12 2.03207e+12
 800 1.78301e+12 1.82727e+12 1.84792e+12 1.79521e+12 1.83859e+12 1.83864e+12 1.82415e+12 1.82225e+12 3.17945e+12
 1000 2.53359e+12 2.60049e+12 2.63099e+12 2.55314e+12 2.61706e+12 2.62191e+12 2.59737e+12 2.59377e+12 4.49847e+12
 1200 3.3703e+12 3.46258e+12 3.50423e+12 3.39555e+12 3.48527e+12 3.49476e+12 3.45853e+12 3.4534e+12 5.96432e+12
 1400 4.28235e+12 4.40373e+12 4.45714e+12 4.31174e+12 4.43414e+12 4.44445e+12 4.39677e+12 4.39049e+12 7.56628e+12
 1600 5.25956e+12 5.41357e+12 5.47914e+12 5.29161e+12 5.45518e+12 5.46261e+12 5.40313e+12 5.39551e+12 9.28553e+12
 1800 6.29433e+12 6.48364e+12 6.56178e+12 6.32775e+12 6.54192e+12 6.54079e+12 6.47015e+12 6.46072e+12 1.11076e+13
 2000 7.38161e+12 7.6071e+12 7.70023e+12 7.41454e+12 7.68695e+12 7.67282e+12 7.59144e+12 7.58005e+12 1.30226e+13
 2200 8.51452e+12 8.77654e+12 8.88859e+12 8.5461e+12 8.88473e+12 8.8546e+12 8.76181e+12 8.74771e+12 1.50203e+13
 2400 9.68893e+12 9.98815e+12 1.01234e+13 9.71758e+12 1.01282e+13 1.00809e+13 9.97558e+12 9.95874e+12 1.70909e+13
 2600 1.09027e+13 1.12373e+13 1.13981e+13 1.09241e+13 1.14138e+13 1.1349e+13 1.12289e+13 1.12091e+13 1.9229e+13
 2800 1.21522e+13 1.25215e+13 1.27102e+13 1.21631e+13 1.27361e+13 1.26553e+13 1.25182e+13 1.24954e+13 2.14297e+13
 3000 1.34345e+13 1.38365e+13 1.40557e+13 1.34324e+13 1.40936e+13 1.39979e+13 1.38413e+13 1.3815e+13 2.36872e+13
 3200 1.47464e+13 1.51775e+13 1.54311e+13 1.47293e+13 1.54816e+13 1.53748e+13 1.51953e+13 1.51645e+13 2.59956e+13
 3400 1.60846e+13 1.65427e+13 1.68325e+13 1.60532e+13 1.68976e+13 1.67825e+13 1.65777e+13 1.65413e+13 2.83542e+13
 3600 1.74469e+13 1.79299e+13 1.82583e+13 1.74025e+13 1.83383e+13 1.82186e+13 1.79865e+13 1.79432e+13 3.07573e+13
 3800 1.88343e+13 1.93405e+13 1.97071e+13 1.87722e+13 1.98033e+13 1.96796e+13 1.94184e+13 1.93686e+13 3.3197e+13
 4000 2.02437e+13 2.07699e+13 2.11779e+13 2.01614e+13 2.1288e+13 2.11642e+13 2.08712e+13 2.08149e+13 3.56722e+13
 4000 2.02721e+13 2.06458e+13 2.10785e+13 2.01886e+13 2.10089e+13 2.11386e+13 2.07787e+13 2.07334e+13 3.60003e+13
 8000 5.11112e+13 5.14914e+13 5.27872e+13 5.03801e+13 5.36883e+13 5.43969e+13 5.28218e+13 5.24117e+13 8.85477e+13
 12000 8.33719e+13 8.43108e+13 8.54115e+13 8.3453e+13 9.00706e+13 9.04973e+13 8.8007e+13 8.65501e+13 1.43986e+14
 16000 1.14734e+14 1.17659e+14 1.18022e+14 1.17883e+14 1.27971e+14 1.26348e+14 1.24067e+14 1.21162e+14 1.99153e+14
 20000 1.46552e+14 1.52544e+14 1.51117e+14 1.52691e+14 1.66339e+14 1.62888e+14 1.60639e+14 1.56412e+14 2.54703e+14
 24000 1.78304e+14 1.87937e+14 1.84545e+14 1.87594e+14 2.04724e+14 1.99621e+14 1.97313e+14 1.91826e+14 3.11434e+14
 28000 2.08495e+14 2.23051e+14 2.18755e+14 2.22123e+14 2.43015e+14 2.36067e+14 2.33735e+14 2.26948e+14 3.67269e+14
 32000 2.37988e+14 2.56365e+14 2.52402e+14 2.57212e+14 2.8112e+14 2.71385e+14 2.69905e+14 2.61511e+14 4.23174e+14
 36000 2.6751e+14 2.88268e+14 2.85357e+14 2.92424e+14 3.18822e+14 3.06524e+14 3.05923e+14 2.95705e+14 4.79566e+14
 40000 2.9655e+14 3.19925e+14 3.17896e+14 3.28551e+14 3.56096e+14 3.40953e+14 3.41867e+14 3.29703e+14 5.3663e+14
 44000 3.25567e+14 3.52046e+14 3.50845e+14 3.65025e+14 3.93688e+14 3.76064e+14 3.78259e+14 3.64083e+14 5.94425e+14
 48000 3.54221e+14 3.84289e+14 3.84264e+14 4.01673e+14 4.3157e+14 4.10954e+14 4.14732e+14 3.98543e+14 6.51721e+14
 52000 3.83525e+14 4.17053e+14 4.18741e+14 4.38665e+14 4.69034e+14 4.45215e+14 4.50971e+14 4.33159e+14 7.08306e+14
 56000 4.12402e+14 4.4991e+14 4.53211e+14 4.75736e+14 5.07295e+14 4.78491e+14 4.87174e+14 4.67707e+14 7.61714e+14
 60000 4.40447e+14 4.81283e+14 4.86783e+14 5.13093e+14 5.46265e+14 5.11381e+14 5.2358e+14 5.01949e+14 8.11659e+14
 64000 4.67228e+14 5.12087e+14 5.19794e+14 5.50817e+14 5.85297e+14 5.42921e+14 5.59678e+14 5.35688e+14 8.59524e+14
 68000 4.94355e+14 5.429e+14 5.53019e+14 5.8923e+14 6.24698e+14 5.73666e+14 5.95865e+14 5.69556e+14 9.06865e+14
 72000 5.21714e+14 5.73754e+14 5.86315e+14 6.28442e+14 6.65707e+14 6.04136e+14 6.32762e+14 6.03895e+14 9.54144e+14
 76000 5.48612e+14 6.03985e+14 6.18952e+14 6.68144e+14 7.05585e+14 6.35751e+14 6.69827e+14 6.38103e+14 1.00301e+15
 80000 5.75441e+14 6.34166e+14 6.51074e+14 7.08371e+14 7.44268e+14 6.67968e+14 7.06869e+14 6.72212e+14 1.05405e+15
 80000 5.37244e+14 5.94905e+14 6.43573e+14 7.06553e+14 7.07707e+14 7.04489e+14 7.0625e+14 6.60513e+14 1.11438e+15
 160000 1.14916e+15 1.26061e+15 1.33969e+15 1.49023e+15 1.45742e+15 1.39138e+15 1.44634e+15 1.36773e+15 2.03429e+15
 240000 1.77871e+15 1.89638e+15 2.10581e+15 2.15619e+15 1.92341e+15 2.07524e+15 2.05161e+15 2.00175e+15 2.80841e+15
 320000 2.46449e+15 2.56769e+15 2.91558e+15 2.87329e+15 2.33219e+15 2.78676e+15 2.66408e+15 2.65815e+15 3.6789e+15
 400000 3.04698e+15 3.27532e+15 3.48588e+15 3.47382e+15 2.59689e+15 3.51607e+15 3.19559e+15 3.22511e+15 4.62657e+15
 480000 3.62579e+15 3.88556e+15 3.90414e+15 4.04478e+15 2.83277e+15 4.14414e+15 3.6739e+15 3.7264e+15 5.70001e+15
 560000 4.18809e+15 4.33286e+15 4.16144e+15 4.64053e+15 3.01711e+15 4.61177e+15 4.0898e+15 4.14487e+15 6.69012e+15
 640000 4.6629e+15 4.70932e+15 4.25846e+15 5.19948e+15 3.16408e+15 4.93578e+15 4.43311e+15 4.47729e+15 7.74397e+15
 720000 5.15212e+15 5.03836e+15 4.37936e+15 5.74486e+15 3.47573e+15 5.25758e+15 4.82606e+15 4.83828e+15 8.66393e+15
 800000 5.68256e+15 5.48201e+15 4.62656e+15 6.21372e+15 3.75492e+15 5.43681e+15 5.13515e+15 5.18657e+15 9.06123e+15
 880000 6.1675e+15 6.09106e+15 4.92675e+15 6.42487e+15 4.1587e+15 5.66382e+15 5.4158e+15 5.54086e+15 9.60064e+15
 960000 6.71804e+15 6.8468e+15 5.37645e+15 6.64792e+15 4.61889e+15 5.91284e+15 5.72655e+15 5.96143e+15 9.97432e+15
 1.04e+06 7.27283e+15 7.66808e+15 5.85913e+15 6.79667e+15 4.92444e+15 6.16849e+15 5.9632e+15 6.35126e+15 1.04129e+16
 1.12e+06 7.90418e+15 8.54476e+15 6.39772e+15 6.94134e+15 5.12278e+15 6.49526e+15 6.18646e+15 6.7581e+15 1.08732e+16
 1.2e+06 8.58459e+15 9.33985e+15 7.06728e+15 7.17802e+15 5.33996e+15 6.91361e+15 6.4772e+15 7.21855e+15 1.12128e+16
 1.28e+06 9.11024e+15 9.84486e+15 7.5822e+15 7.38259e+15 5.55713e+15 7.30669e+15 6.74881e+15 7.58759e+15 1.1696e+16
 1.36e+06 9.78024e+15 1.02251e+16 8.02254e+15 7.73041e+15 5.87537e+15 7.50251e+15 7.0361e+15 7.95871e+15 1.19278e+16
 1.44e+06 1.04084e+16 1.06127e+16 8.38691e+15 8.11371e+15 6.15277e+15 7.76367e+15 7.34339e+15 8.32711e+15 1.23727e+16
 1.52e+06 1.08809e+16 1.08692e+16 8.55464e+15 8.36834e+15 6.18287e+15 7.95224e+15 7.50115e+15 8.54133e+15 1.26834e+16
 1.6e+06 1.14115e+16 1.10287e+16 9.00497e+15 8.50779e+15 6.17653e+15 8.13306e+15 7.60579e+15 8.75617e+15 1.28916e+16
 1.6e+06 1.58556e+16 1.66857e+16 8.38278e+15 1.06636e+16 6.09673e+15 4.78293e+15 7.18108e+15 9.76518e+15 2.09273e+16
 3.2e+06 1.95515e+16 5.11607e+15 1.53483e+16 1.24571e+16 9.50554e+15 1.27469e+16 1.15698e+16 1.22774e+16 2.78089e+16
 4.8e+06 5.33715e+16 1.13748e+16 3.6899e+16 1.01692e+16 7.79107e+15 2.00937e+16 1.26847e+16 2.11635e+16 5.02889e+16
 6.4e+06 7.67639e+16 1.34793e+16 5.74638e+16 1.29297e+16 1.16578e+16 2.38527e+16 1.61467e+16 2.93823e+16 5.69341e+16
 8e+06 1.27956e+17 5.56698e+15 9.59331e+16 8.50242e+15 1.1168e+16 1.8556e+16 1.27421e+16 3.82395e+16 4.14077e+16
 9.6e+06 1.68868e+17 2.45848e+16 1.23832e+17 1.91639e+15 1.36808e+16 7.87288e+15 7.82335e+15 4.69986e+16 4.26837e+16
 1.12e+07 2.40657e+17 5.74362e+15 1.74962e+17 4.80655e+15 2.54898e+16 1.51614e+15 1.06042e+16 6.25441e+16 4.30342e+14
 1.28e+07 2.66725e+17 1.6808e+16 2.14914e+17 3.74107e+15 1.68119e+16 7.359e+15 9.30397e+15 7.2042e+16 6.055e+15
 1.44e+07 3.55349e+17 3.853e+15 2.85198e+17 3.37909e+15 2.18575e+16 1.11912e+16 1.21426e+16 9.32055e+16 4.58466e+15
