#NOTE: MSDs should be divided by the temperature.
#NOTE: MSDs have been divided by 2 or 10 (i.e., the viscosity computed from all components).
#Time	MSD_xx	MSD_yy	MSD_zz	MSD_xy	MSD_xz	MSD_yz	MSD_off	MSD_all	MSD_bulkvisc
 20 6.70583e+09 6.70567e+09 6.70615e+09 6.73735e+09 6.68702e+09 6.72073e+09 6.71503e+09 6.71137e+09 8.47863e+09
 40 2.10697e+10 2.10722e+10 2.10727e+10 2.11848e+10 2.101e+10 2.1134e+10 2.11096e+10 2.10944e+10 2.9675e+10
 60 3.84965e+10 3.85128e+10 3.85049e+10 3.87346e+10 3.836e+10 3.86426e+10 3.85791e+10 3.85493e+10 5.86476e+10
 80 5.79428e+10 5.80046e+10 5.79717e+10 5.83616e+10 5.77028e+10 5.82246e+10 5.80963e+10 5.8047e+10 9.33554e+10
 100 7.83477e+10 7.84785e+10 7.84208e+10 7.90047e+10 7.8001e+10 7.88371e+10 7.86142e+10 7.85348e+10 1.33714e+11
 120 9.95157e+10 9.97278e+10 9.96517e+10 1.00469e+11 9.90519e+10 1.00286e+11 9.99356e+10 9.98141e+10 1.7938e+11
 140 1.22655e+11 1.22964e+11 1.22873e+11 1.2397e+11 1.22053e+11 1.23782e+11 1.23268e+11 1.23093e+11 2.28922e+11
 160 1.48328e+11 1.48751e+11 1.48659e+11 1.5008e+11 1.47591e+11 1.49895e+11 1.49189e+11 1.48945e+11 2.80996e+11
 180 1.76215e+11 1.76763e+11 1.76681e+11 1.78481e+11 1.75346e+11 1.78286e+11 1.77371e+11 1.77044e+11 3.35412e+11
 200 2.06082e+11 2.06776e+11 2.06707e+11 2.08929e+11 2.05064e+11 2.08698e+11 2.07563e+11 2.07147e+11 3.92693e+11
 220 2.37816e+11 2.38689e+11 2.38641e+11 2.41309e+11 2.36624e+11 2.41019e+11 2.39651e+11 2.39143e+11 4.529e+11
 240 2.71276e+11 2.72376e+11 2.72349e+11 2.75492e+11 2.69902e+11 2.75102e+11 2.73499e+11 2.72899e+11 5.15387e+11
 260 3.06399e+11 3.0777e+11 3.07763e+11 3.11427e+11 3.04842e+11 3.10896e+11 3.09055e+11 3.08357e+11 5.79644e+11
 280 3.43137e+11 3.44824e+11 3.44845e+11 3.49092e+11 3.41423e+11 3.48376e+11 3.46297e+11 3.45486e+11 6.45854e+11
 300 3.81419e+11 3.83475e+11 3.83523e+11 3.88428e+11 3.79581e+11 3.87475e+11 3.85161e+11 3.84219e+11 7.14462e+11
 320 4.21192e+11 4.23654e+11 4.23732e+11 4.29374e+11 4.19265e+11 4.28141e+11 4.25593e+11 4.245e+11 7.85518e+11
 340 4.62452e+11 4.65336e+11 4.65459e+11 4.71909e+11 4.60449e+11 4.70346e+11 4.67568e+11 4.66307e+11 8.58688e+11
 360 5.05216e+11 5.08549e+11 5.08722e+11 5.16044e+11 5.03129e+11 5.1409e+11 5.11087e+11 5.09651e+11 9.33776e+11
 380 5.49495e+11 5.53311e+11 5.53545e+11 5.61776e+11 5.47307e+11 5.59381e+11 5.56155e+11 5.5454e+11 1.01094e+12
 400 5.95261e+11 5.99599e+11 5.99907e+11 6.09069e+11 5.92949e+11 6.06189e+11 6.02736e+11 6.00944e+11 1.09044e+12
 400 5.95646e+11 5.97896e+11 5.9928e+11 6.08666e+11 5.92665e+11 6.05979e+11 6.02436e+11 6.00505e+11 1.0893e+12
 800 1.76738e+12 1.79484e+12 1.79358e+12 1.82694e+12 1.76244e+12 1.81448e+12 1.80129e+12 1.79488e+12 3.1251e+12
 1200 3.32537e+12 3.4005e+12 3.39203e+12 3.46299e+12 3.31419e+12 3.43819e+12 3.40513e+12 3.39213e+12 5.84074e+12
 1600 5.17387e+12 5.30968e+12 5.29577e+12 5.40391e+12 5.14295e+12 5.36656e+12 5.30448e+12 5.2866e+12 9.04604e+12
 2000 7.25323e+12 7.45543e+12 7.44268e+12 7.59162e+12 7.18394e+12 7.52646e+12 7.434e+12 7.41391e+12 1.26376e+13
 2400 9.51727e+12 9.78848e+12 9.77972e+12 9.9827e+12 9.39497e+12 9.86454e+12 9.7474e+12 9.7265e+12 1.65539e+13
 2800 1.19282e+13 1.22725e+13 1.22677e+13 1.25427e+13 1.1745e+13 1.23429e+13 1.22102e+13 1.21886e+13 2.0744e+13
 3200 1.4461e+13 1.48823e+13 1.48924e+13 1.52485e+13 1.42079e+13 1.49395e+13 1.47986e+13 1.47773e+13 2.5153e+13
 3600 1.70916e+13 1.76002e+13 1.76333e+13 1.80796e+13 1.67653e+13 1.76371e+13 1.7494e+13 1.74731e+13 2.97333e+13
 4000 1.98008e+13 2.04073e+13 2.04675e+13 2.10159e+13 1.93953e+13 2.04316e+13 2.02809e+13 2.02587e+13 3.44567e+13
 4400 2.25795e+13 2.32904e+13 2.33843e+13 2.40445e+13 2.20781e+13 2.33069e+13 2.31432e+13 2.31198e+13 3.9302e+13
 4800 2.54189e+13 2.62436e+13 2.63689e+13 2.71478e+13 2.48184e+13 2.62464e+13 2.60708e+13 2.60467e+13 4.42585e+13
 5200 2.83135e+13 2.92616e+13 2.94105e+13 3.03173e+13 2.76073e+13 2.92421e+13 2.90556e+13 2.90314e+13 4.9317e+13
 5600 3.12546e+13 3.23358e+13 3.25107e+13 3.355e+13 3.04402e+13 3.229e+13 3.20934e+13 3.20695e+13 5.44628e+13
 6000 3.42396e+13 3.54555e+13 3.56655e+13 3.68446e+13 3.33136e+13 3.53846e+13 3.51809e+13 3.51566e+13 5.96887e+13
 6400 3.72581e+13 3.86122e+13 3.88733e+13 4.01944e+13 3.62257e+13 3.85151e+13 3.83117e+13 3.82862e+13 6.49832e+13
 6800 4.03007e+13 4.17961e+13 4.21254e+13 4.3592e+13 3.91789e+13 4.16709e+13 4.14806e+13 4.14513e+13 7.03453e+13
 7200 4.33622e+13 4.50033e+13 4.54135e+13 4.70293e+13 4.2174e+13 4.48589e+13 4.46874e+13 4.46496e+13 7.576e+13
 7600 4.64424e+13 4.82307e+13 4.87424e+13 5.05064e+13 4.52171e+13 4.80754e+13 4.7933e+13 4.78819e+13 8.1228e+13
 8000 4.95414e+13 5.14765e+13 5.2103e+13 5.40195e+13 4.82978e+13 5.13174e+13 5.12115e+13 5.1143e+13 8.67463e+13
 8000 4.97639e+13 5.15085e+13 5.18242e+13 5.50205e+13 4.84375e+13 5.12085e+13 5.15555e+13 5.13462e+13 8.83491e+13
 16000 1.12864e+14 1.16606e+14 1.22515e+14 1.292e+14 1.13459e+14 1.20901e+14 1.21186e+14 1.19643e+14 2.01719e+14
 24000 1.75854e+14 1.78279e+14 1.93214e+14 2.04341e+14 1.78245e+14 1.89159e+14 1.90582e+14 1.87329e+14 3.17001e+14
 32000 2.36902e+14 2.37982e+14 2.62701e+14 2.82223e+14 2.41803e+14 2.56635e+14 2.6022e+14 2.54477e+14 4.31405e+14
 40000 3.00449e+14 2.96188e+14 3.32863e+14 3.61518e+14 3.04454e+14 3.24594e+14 3.30189e+14 3.22046e+14 5.49292e+14
 48000 3.65142e+14 3.54254e+14 4.05322e+14 4.41519e+14 3.68737e+14 3.92346e+14 4.00867e+14 3.90483e+14 6.56851e+14
 56000 4.31558e+14 4.14054e+14 4.79263e+14 5.27091e+14 4.29647e+14 4.60446e+14 4.72395e+14 4.60087e+14 7.63917e+14
 64000 4.95925e+14 4.70924e+14 5.54821e+14 6.1345e+14 4.89822e+14 5.31759e+14 5.4501e+14 5.29895e+14 8.76462e+14
 72000 5.57583e+14 5.23912e+14 6.31796e+14 7.01346e+14 5.52557e+14 6.05122e+14 6.19675e+14 6.00244e+14 9.92954e+14
 80000 6.21253e+14 5.78992e+14 7.10204e+14 7.87714e+14 6.16244e+14 6.74831e+14 6.9293e+14 6.70485e+14 1.10675e+15
 88000 6.83805e+14 6.34278e+14 7.90908e+14 8.71256e+14 6.79715e+14 7.39436e+14 7.63469e+14 7.3928e+14 1.21904e+15
 96000 7.45476e+14 6.91131e+14 8.75658e+14 9.55753e+14 7.42706e+14 8.03651e+14 8.34037e+14 8.08724e+14 1.33354e+15
 104000 8.07875e+14 7.47378e+14 9.60687e+14 1.04269e+15 8.03596e+14 8.69266e+14 9.05183e+14 8.78569e+14 1.44785e+15
 112000 8.69806e+14 8.02154e+14 1.04253e+15 1.12895e+15 8.61334e+14 9.35318e+14 9.752e+14 9.47052e+14 1.55902e+15
 120000 9.29853e+14 8.56543e+14 1.12403e+15 1.21394e+15 9.1559e+14 1.00159e+15 1.04371e+15 1.01428e+15 1.67229e+15
 128000 9.90465e+14 9.16007e+14 1.20824e+15 1.29918e+15 9.69833e+14 1.07054e+15 1.11318e+15 1.08321e+15 1.7872e+15
 136000 1.05144e+15 9.80826e+14 1.29393e+15 1.38425e+15 1.02599e+15 1.13868e+15 1.18297e+15 1.15328e+15 1.89453e+15
 144000 1.11482e+15 1.04916e+15 1.38261e+15 1.46623e+15 1.08208e+15 1.20429e+15 1.25087e+15 1.2234e+15 2.00306e+15
 152000 1.1815e+15 1.12532e+15 1.4685e+15 1.5469e+15 1.13635e+15 1.26649e+15 1.31658e+15 1.29332e+15 2.11073e+15
 160000 1.2461e+15 1.1997e+15 1.55256e+15 1.62834e+15 1.19232e+15 1.32918e+15 1.38328e+15 1.36308e+15 2.2103e+15
 160000 1.40766e+15 1.36736e+15 1.70324e+15 1.8498e+15 1.14077e+15 1.2735e+15 1.42136e+15 1.44992e+15 2.06124e+15
 320000 2.7134e+15 2.65365e+15 3.60369e+15 3.33026e+15 2.33395e+15 2.67603e+15 2.78008e+15 2.86415e+15 4.50036e+15
 480000 4.19464e+15 3.89285e+15 5.66069e+15 4.51876e+15 3.45494e+15 3.91524e+15 3.96298e+15 4.21088e+15 7.21315e+15
 640000 5.56331e+15 5.3343e+15 7.86807e+15 5.2928e+15 4.19472e+15 4.75376e+15 4.74709e+15 5.35035e+15 1.0101e+16
 800000 6.82519e+15 6.66574e+15 9.754e+15 6.44001e+15 4.76465e+15 5.54735e+15 5.584e+15 6.44973e+15 1.30104e+16
 960000 7.81319e+15 8.10584e+15 1.08109e+16 7.92831e+15 5.18898e+15 6.37941e+15 6.4989e+15 7.46333e+15 1.53888e+16
 1.12e+06 8.4999e+15 9.32483e+15 1.16735e+16 9.32321e+15 5.60638e+15 7.07031e+15 7.3333e+15 8.33307e+15 1.76703e+16
 1.28e+06 9.26585e+15 1.04961e+16 1.29306e+16 1.07642e+16 6.03271e+15 7.87008e+15 8.22234e+15 9.29241e+15 1.99587e+16
 1.44e+06 1.02695e+16 1.14817e+16 1.44862e+16 1.23792e+16 6.3294e+15 8.90818e+15 9.20558e+15 1.0355e+16 2.30363e+16
 1.6e+06 1.14076e+16 1.21195e+16 1.62246e+16 1.41531e+16 7.00918e+15 1.02556e+16 1.04726e+16 1.15838e+16 2.633e+16
 1.76e+06 1.25511e+16 1.28612e+16 1.7967e+16 1.50573e+16 7.70309e+15 1.18128e+16 1.15244e+16 1.26986e+16 2.93944e+16
 1.92e+06 1.38983e+16 1.37868e+16 2.02903e+16 1.60176e+16 8.62832e+15 1.3647e+16 1.27643e+16 1.40553e+16 3.26295e+16
 2.08e+06 1.50378e+16 1.46009e+16 2.20189e+16 1.71257e+16 9.04143e+15 1.521e+16 1.37924e+16 1.51631e+16 3.69148e+16
 2.24e+06 1.60781e+16 1.54601e+16 2.36279e+16 1.82561e+16 9.30044e+15 1.66515e+16 1.4736e+16 1.61971e+16 4.16163e+16
 2.4e+06 1.68755e+16 1.59242e+16 2.52663e+16 1.91663e+16 8.84214e+15 1.7917e+16 1.53085e+16 1.69272e+16 4.6834e+16
 2.56e+06 1.72071e+16 1.64998e+16 2.64916e+16 1.97918e+16 8.55942e+15 1.94251e+16 1.59255e+16 1.75817e+16 5.31775e+16
 2.72e+06 1.77249e+16 1.69305e+16 2.72054e+16 2.02347e+16 8.32253e+15 2.06772e+16 1.64115e+16 1.8095e+16 5.92252e+16
 2.88e+06 1.78496e+16 1.7212e+16 2.79963e+16 2.09422e+16 7.81483e+15 2.155e+16 1.6769e+16 1.84691e+16 6.49945e+16
 3.04e+06 1.79768e+16 1.76933e+16 2.89165e+16 2.18821e+16 7.83956e+15 2.30991e+16 1.76069e+16 1.91757e+16 7.09021e+16
 3.2e+06 1.82946e+16 1.80311e+16 2.93496e+16 2.29888e+16 8.49929e+15 2.47235e+16 1.87372e+16 1.9999e+16 7.67246e+16
 3.2e+06 1.9181e+16 9.28651e+15 1.28019e+16 2.33283e+16 1.49641e+16 2.16313e+16 1.99746e+16 1.74873e+16 6.87262e+16
 6.4e+06 5.44623e+16 2.00754e+16 4.00299e+16 6.67844e+16 2.84946e+16 6.56679e+16 5.3649e+16 4.74651e+16 1.82225e+17
 9.6e+06 7.75885e+16 1.0521e+16 8.0266e+16 1.25417e+17 1.87608e+16 7.90789e+16 7.4419e+16 6.71015e+16 1.87554e+17
 1.28e+07 6.7739e+16 4.45335e+15 1.06906e+17 1.54583e+17 4.02256e+16 5.4647e+16 8.31519e+16 7.37709e+16 7.76813e+16
 1.6e+07 2.78969e+16 1.27261e+16 7.8307e+16 8.55352e+16 9.76301e+16 3.32276e+16 7.2131e+16 5.91359e+16 1.27066e+13
