#NOTE: MSDs should be divided by the temperature.
#NOTE: MSDs have been divided by 2 or 10 (i.e., the viscosity computed from all components).
#Time	MSD_xx	MSD_yy	MSD_zz	MSD_xy	MSD_xz	MSD_yz	MSD_off	MSD_all	MSD_bulkvisc
 10 1.84251e+09 1.83741e+09 1.8434e+09 1.83764e+09 1.85515e+09 1.8327e+09 1.84183e+09 1.84154e+09 2.23357e+09
 20 6.622e+09 6.60044e+09 6.6246e+09 6.6019e+09 6.67295e+09 6.5847e+09 6.61985e+09 6.61818e+09 8.46317e+09
 30 1.32353e+10 1.31828e+10 1.32379e+10 1.31904e+10 1.33511e+10 1.31581e+10 1.32332e+10 1.32274e+10 1.78667e+10
 40 2.09158e+10 2.08158e+10 2.0914e+10 2.08441e+10 2.11245e+10 2.07899e+10 2.09195e+10 2.09044e+10 2.97338e+10
 50 2.92939e+10 2.91269e+10 2.92794e+10 2.91986e+10 2.96233e+10 2.91028e+10 2.93082e+10 2.92783e+10 4.35258e+10
 60 3.82703e+10 3.80146e+10 3.82333e+10 3.81531e+10 3.87455e+10 3.79875e+10 3.82954e+10 3.82463e+10 5.88907e+10
 70 4.77748e+10 4.74062e+10 4.7706e+10 4.76314e+10 4.84147e+10 4.73669e+10 4.78043e+10 4.77342e+10 7.56746e+10
 80 5.7685e+10 5.71761e+10 5.75761e+10 5.7501e+10 5.84997e+10 5.71147e+10 5.77051e+10 5.76147e+10 9.38573e+10
 90 6.78443e+10 6.71648e+10 6.76836e+10 6.75956e+10 6.88379e+10 6.70721e+10 6.78352e+10 6.77268e+10 1.13463e+11
 100 7.81535e+10 7.72726e+10 7.79251e+10 7.78098e+10 7.93281e+10 7.71383e+10 7.80921e+10 7.79687e+10 1.34495e+11
 110 8.86482e+10 8.75378e+10 8.8332e+10 8.81768e+10 9.00063e+10 8.73486e+10 8.85106e+10 8.83754e+10 1.56881e+11
 120 9.94855e+10 9.81236e+10 9.90616e+10 9.88552e+10 1.01034e+11 9.78631e+10 9.92508e+10 9.91066e+10 1.80468e+11
 130 1.10852e+11 1.09223e+11 1.10304e+11 1.10035e+11 1.12603e+11 1.08874e+11 1.10504e+11 1.10353e+11 2.05044e+11
 140 1.22862e+11 1.20957e+11 1.22182e+11 1.21835e+11 1.24835e+11 1.20505e+11 1.22392e+11 1.22235e+11 2.30399e+11
 150 1.35534e+11 1.33348e+11 1.34716e+11 1.34277e+11 1.37756e+11 1.32783e+11 1.34938e+11 1.34776e+11 2.56384e+11
 160 1.48818e+11 1.4635e+11 1.47861e+11 1.47315e+11 1.51325e+11 1.45663e+11 1.48101e+11 1.47931e+11 2.82935e+11
 170 1.62653e+11 1.599e+11 1.61553e+11 1.60892e+11 1.65485e+11 1.59086e+11 1.61821e+11 1.6164e+11 3.10066e+11
 180 1.76998e+11 1.73954e+11 1.75747e+11 1.74966e+11 1.80198e+11 1.73007e+11 1.76057e+11 1.75861e+11 3.37844e+11
 190 1.91841e+11 1.88497e+11 1.90426e+11 1.89525e+11 1.95447e+11 1.87409e+11 1.90794e+11 1.90578e+11 3.66346e+11
 200 2.07176e+11 2.03521e+11 2.05587e+11 2.04561e+11 2.11221e+11 2.02284e+11 2.06022e+11 2.05785e+11 3.95609e+11
 200 2.07346e+11 2.0398e+11 2.05684e+11 2.04887e+11 2.11852e+11 2.02066e+11 2.06268e+11 2.06029e+11 3.95789e+11
 400 6.05739e+11 5.90945e+11 5.96484e+11 5.91685e+11 6.20649e+11 5.8275e+11 5.98362e+11 5.98106e+11 1.10057e+12
 600 1.15181e+12 1.11992e+12 1.12727e+12 1.11907e+12 1.18353e+12 1.10338e+12 1.13532e+12 1.13439e+12 2.03042e+12
 800 1.82124e+12 1.76548e+12 1.77547e+12 1.76273e+12 1.87304e+12 1.73432e+12 1.79003e+12 1.78898e+12 3.16725e+12
 1000 2.59316e+12 2.50716e+12 2.52029e+12 2.50417e+12 2.66784e+12 2.45348e+12 2.54183e+12 2.54118e+12 4.46452e+12
 1200 3.45548e+12 3.33362e+12 3.34818e+12 3.32667e+12 3.5505e+12 3.24718e+12 3.37478e+12 3.37651e+12 5.90419e+12
 1400 4.39655e+12 4.23475e+12 4.24864e+12 4.22239e+12 4.50986e+12 4.10563e+12 4.27929e+12 4.2849e+12 7.47065e+12
 1600 5.40644e+12 5.20266e+12 5.21267e+12 5.18096e+12 5.53773e+12 5.01814e+12 5.24561e+12 5.25694e+12 9.14496e+12
 1800 6.47743e+12 6.23167e+12 6.23526e+12 6.196e+12 6.62353e+12 5.98173e+12 6.26709e+12 6.28617e+12 1.09076e+13
 2000 7.60177e+12 7.31302e+12 7.31128e+12 7.26232e+12 7.76219e+12 6.99384e+12 7.33945e+12 7.36715e+12 1.27521e+13
 2200 8.77231e+12 8.43997e+12 8.42932e+12 8.37645e+12 8.94616e+12 8.05147e+12 8.45803e+12 8.4937e+12 1.46683e+13
 2400 9.98634e+12 9.60891e+12 9.58669e+12 9.53295e+12 1.01707e+13 9.14997e+12 9.61786e+12 9.66164e+12 1.66481e+13
 2600 1.12365e+13 1.08129e+13 1.0778e+13 1.07268e+13 1.14293e+13 1.02821e+13 1.08127e+13 1.08646e+13 1.8687e+13
 2800 1.25187e+13 1.20519e+13 1.20022e+13 1.19579e+13 1.27193e+13 1.14449e+13 1.20407e+13 1.21008e+13 2.07886e+13
 3000 1.38292e+13 1.33221e+13 1.32567e+13 1.32177e+13 1.40351e+13 1.26379e+13 1.32969e+13 1.33659e+13 2.29448e+13
 3200 1.51654e+13 1.46203e+13 1.45386e+13 1.45035e+13 1.53757e+13 1.38529e+13 1.45774e+13 1.46563e+13 2.51558e+13
 3400 1.65259e+13 1.59467e+13 1.58475e+13 1.58142e+13 1.67383e+13 1.50886e+13 1.58803e+13 1.59709e+13 2.7411e+13
 3600 1.79044e+13 1.72961e+13 1.71775e+13 1.71465e+13 1.81196e+13 1.63395e+13 1.72019e+13 1.73048e+13 2.97096e+13
 3800 1.9301e+13 1.86663e+13 1.85253e+13 1.84998e+13 1.95167e+13 1.76074e+13 1.85413e+13 1.86571e+13 3.20422e+13
 4000 2.07147e+13 2.00512e+13 1.98883e+13 1.98716e+13 2.09317e+13 1.8892e+13 1.98984e+13 2.00263e+13 3.44037e+13
 4000 2.08229e+13 1.96378e+13 1.98074e+13 1.98101e+13 2.07909e+13 1.87106e+13 1.97705e+13 1.98981e+13 3.39284e+13
 8000 5.17014e+13 4.97279e+13 4.96094e+13 4.9959e+13 5.25111e+13 4.62436e+13 4.95713e+13 4.98812e+13 8.4033e+13
 12000 8.63459e+13 8.31058e+13 8.11722e+13 8.28027e+13 8.91025e+13 7.41802e+13 8.20285e+13 8.26336e+13 1.3435e+14
 16000 1.22759e+14 1.17804e+14 1.12723e+14 1.1719e+14 1.28724e+14 1.03365e+14 1.16426e+14 1.16961e+14 1.83135e+14
 20000 1.60252e+14 1.53486e+14 1.44978e+14 1.51509e+14 1.69811e+14 1.33785e+14 1.51702e+14 1.52183e+14 2.36659e+14
 24000 1.98437e+14 1.89737e+14 1.77646e+14 1.84395e+14 2.09781e+14 1.63687e+14 1.85955e+14 1.87015e+14 2.93369e+14
 28000 2.37526e+14 2.25693e+14 2.10956e+14 2.16699e+14 2.50683e+14 1.94121e+14 2.20501e+14 2.22191e+14 3.48169e+14
 32000 2.76638e+14 2.60709e+14 2.45009e+14 2.48838e+14 2.92172e+14 2.24984e+14 2.55331e+14 2.57513e+14 4.01411e+14
 36000 3.1441e+14 2.93475e+14 2.77829e+14 2.81339e+14 3.33524e+14 2.5609e+14 2.90317e+14 2.92286e+14 4.54777e+14
 40000 3.51269e+14 3.23697e+14 3.08573e+14 3.13236e+14 3.74988e+14 2.89212e+14 3.25812e+14 3.26626e+14 5.07694e+14
 44000 3.8702e+14 3.50392e+14 3.39592e+14 3.46548e+14 4.157e+14 3.23793e+14 3.62014e+14 3.60809e+14 5.56986e+14
 48000 4.22537e+14 3.76128e+14 3.71165e+14 3.80892e+14 4.56603e+14 3.58431e+14 3.98642e+14 3.95163e+14 6.03e+14
 52000 4.5869e+14 4.0139e+14 4.03273e+14 4.14566e+14 4.96489e+14 3.92628e+14 4.34561e+14 4.29184e+14 6.48324e+14
 56000 4.95216e+14 4.25509e+14 4.35863e+14 4.46695e+14 5.36684e+14 4.26487e+14 4.69955e+14 4.62851e+14 6.96476e+14
 60000 5.33221e+14 4.48675e+14 4.70237e+14 4.77585e+14 5.77658e+14 4.58949e+14 5.04731e+14 4.96456e+14 7.4587e+14
 64000 5.74224e+14 4.70709e+14 5.08263e+14 5.07929e+14 6.1676e+14 4.91695e+14 5.38795e+14 5.3037e+14 7.94446e+14
 68000 6.17249e+14 4.91887e+14 5.47983e+14 5.38938e+14 6.53203e+14 5.23729e+14 5.71956e+14 5.64123e+14 8.43658e+14
 72000 6.61799e+14 5.11607e+14 5.87963e+14 5.69843e+14 6.87485e+14 5.56634e+14 6.04654e+14 5.97641e+14 8.95709e+14
 76000 7.06822e+14 5.31636e+14 6.24674e+14 5.99478e+14 7.20827e+14 5.90833e+14 6.37046e+14 6.30645e+14 9.48019e+14
 80000 7.51304e+14 5.51411e+14 6.58751e+14 6.28793e+14 7.54738e+14 6.25855e+14 6.69795e+14 6.63406e+14 1.00095e+15
 80000 7.72891e+14 5.36499e+14 5.58413e+14 7.7406e+14 7.84839e+14 7.03761e+14 7.5422e+14 7.01572e+14 8.68416e+14
 160000 1.82217e+15 1.09803e+15 1.3696e+15 1.40448e+15 1.38235e+15 1.46331e+15 1.41671e+15 1.422e+15 1.67498e+15
 240000 3.14627e+15 1.87493e+15 2.31628e+15 1.93241e+15 2.08526e+15 2.23928e+15 2.08565e+15 2.22972e+15 2.45944e+15
 320000 4.63031e+15 2.77556e+15 3.43114e+15 2.51314e+15 2.95985e+15 2.86119e+15 2.77806e+15 3.11177e+15 3.52219e+15
 400000 6.23024e+15 3.7927e+15 4.58626e+15 2.72718e+15 3.75173e+15 3.48687e+15 3.32193e+15 3.94105e+15 4.74461e+15
 480000 8.02549e+15 4.85064e+15 5.85341e+15 2.72094e+15 4.58665e+15 3.987e+15 3.76486e+15 4.75619e+15 6.01177e+15
 560000 1.02661e+16 5.9025e+15 7.349e+15 2.90957e+15 5.16411e+15 4.40269e+15 4.15879e+15 5.63096e+15 7.40907e+15
 640000 1.2518e+16 7.00588e+15 8.84751e+15 3.07718e+15 5.70733e+15 4.66565e+15 4.48339e+15 6.47289e+15 8.84495e+15
 720000 1.49575e+16 8.13802e+15 1.06586e+16 2.85118e+15 6.29345e+15 5.08646e+15 4.74369e+15 7.34677e+15 1.05985e+16
 800000 1.75999e+16 9.37071e+15 1.25341e+16 2.80157e+15 7.01211e+15 5.77686e+15 5.19685e+15 8.38541e+15 1.25255e+16
 880000 2.01743e+16 1.06796e+16 1.42586e+16 2.41572e+15 7.93495e+15 6.40672e+15 5.5858e+15 9.36648e+15 1.47574e+16
 960000 2.23655e+16 1.17953e+16 1.59298e+16 2.24525e+15 8.93417e+15 7.08728e+15 6.0889e+15 1.03321e+16 1.66117e+16
 1.04e+06 2.45037e+16 1.31021e+16 1.74127e+16 2.37117e+15 1.0038e+16 7.89684e+15 6.76866e+15 1.1397e+16 1.82166e+16
 1.12e+06 2.60125e+16 1.40357e+16 1.86253e+16 2.5191e+15 1.11478e+16 8.77374e+15 7.4802e+15 1.23113e+16 1.9945e+16
 1.2e+06 2.7279e+16 1.48449e+16 1.96e+16 2.56418e+15 1.19209e+16 9.40996e+15 7.96501e+15 1.30089e+16 2.11874e+16
 1.28e+06 2.85245e+16 1.54375e+16 2.05053e+16 3.00398e+15 1.284e+16 1.00656e+16 8.63653e+15 1.37776e+16 2.21948e+16
 1.36e+06 2.94978e+16 1.61341e+16 2.13561e+16 3.12517e+15 1.32161e+16 1.05702e+16 8.9705e+15 1.4314e+16 2.31637e+16
 1.44e+06 3.04204e+16 1.64099e+16 2.19685e+16 3.20795e+15 1.34542e+16 1.09897e+16 9.21728e+15 1.47035e+16 2.40728e+16
 1.52e+06 3.13941e+16 1.70864e+16 2.23079e+16 3.5291e+15 1.37528e+16 1.15384e+16 9.60678e+15 1.52025e+16 2.51038e+16
 1.6e+06 3.16196e+16 1.73091e+16 2.24405e+16 3.68546e+15 1.37652e+16 1.24317e+16 9.96079e+15 1.54924e+16 2.58244e+16
 1.6e+06 5.6088e+16 2.70188e+16 2.49187e+16 1.05464e+16 1.58671e+16 1.09663e+16 1.24599e+16 2.18794e+16 8.69202e+15
 3.2e+06 9.3285e+16 4.21894e+16 1.36689e+16 1.67648e+16 1.45096e+16 2.45358e+16 1.86034e+16 3.10478e+16 4.78466e+15
 4.8e+06 5.00303e+16 8.95059e+15 1.66583e+16 3.41819e+15 1.66406e+14 1.63182e+16 6.63427e+15 1.40658e+16 2.33312e+13
