#NOTE: MSDs should be divided by the temperature.
#NOTE: MSDs have been divided by 2 or 10 (i.e., the viscosity computed from all components).
#Time	MSD_xx	MSD_yy	MSD_zz	MSD_xy	MSD_xz	MSD_yz	MSD_off	MSD_all	MSD_bulkvisc
 10 1.83716e+09 1.8518e+09 1.83997e+09 1.84807e+09 1.85629e+09 1.85e+09 1.85145e+09 1.84806e+09 2.2383e+09
 20 6.59985e+09 6.65682e+09 6.61078e+09 6.64436e+09 6.67765e+09 6.64914e+09 6.65705e+09 6.64323e+09 8.48107e+09
 30 1.31843e+10 1.33086e+10 1.32081e+10 1.32846e+10 1.33619e+10 1.32886e+10 1.33117e+10 1.32805e+10 1.7903e+10
 40 2.08266e+10 2.10403e+10 2.08666e+10 2.10031e+10 2.11437e+10 2.09993e+10 2.10487e+10 2.09937e+10 2.97897e+10
 50 2.91582e+10 2.94798e+10 2.92157e+10 2.9429e+10 2.96516e+10 2.94096e+10 2.94967e+10 2.94119e+10 4.36002e+10
 60 3.80808e+10 3.85238e+10 3.81536e+10 3.846e+10 3.87837e+10 3.84191e+10 3.85543e+10 3.84337e+10 5.89832e+10
 70 4.75226e+10 4.80968e+10 4.76061e+10 4.80212e+10 4.84672e+10 4.79563e+10 4.81482e+10 4.79857e+10 7.57888e+10
 80 5.73548e+10 5.80692e+10 5.74446e+10 5.79841e+10 5.8576e+10 5.78951e+10 5.81517e+10 5.79402e+10 9.40019e+10
 90 6.74123e+10 6.82774e+10 6.75051e+10 6.8187e+10 6.89506e+10 6.80743e+10 6.8404e+10 6.8135e+10 1.13651e+11
 100 7.75905e+10 7.86186e+10 7.76829e+10 7.85273e+10 7.94907e+10 7.83909e+10 7.8803e+10 7.84674e+10 1.34742e+11
 110 8.7924e+10 8.91281e+10 8.8011e+10 8.90388e+10 9.02322e+10 8.88816e+10 8.93842e+10 8.89723e+10 1.57201e+11
 120 9.8575e+10 9.99667e+10 9.86495e+10 9.98812e+10 1.01334e+11 9.97095e+10 1.00308e+11 9.98104e+10 1.80869e+11
 130 1.09737e+11 1.11326e+11 1.0979e+11 1.11246e+11 1.12985e+11 1.11067e+11 1.11766e+11 1.11173e+11 2.05529e+11
 140 1.2153e+11 1.23327e+11 1.21557e+11 1.23256e+11 1.25308e+11 1.23074e+11 1.23879e+11 1.23183e+11 2.3097e+11
 150 1.33976e+11 1.3599e+11 1.33977e+11 1.35934e+11 1.38326e+11 1.3575e+11 1.3667e+11 1.35861e+11 2.57044e+11
 160 1.4703e+11 1.49273e+11 1.47011e+11 1.49236e+11 1.51996e+11 1.49045e+11 1.50092e+11 1.49164e+11 2.83688e+11
 170 1.60634e+11 1.63114e+11 1.60599e+11 1.63105e+11 1.66253e+11 1.62898e+11 1.64086e+11 1.63031e+11 3.10919e+11
 180 1.74749e+11 1.77472e+11 1.74702e+11 1.77501e+11 1.81054e+11 1.77269e+11 1.78608e+11 1.77421e+11 3.38813e+11
 190 1.8936e+11 1.9233e+11 1.89302e+11 1.92406e+11 1.96378e+11 1.92142e+11 1.93642e+11 1.92317e+11 3.67449e+11
 200 2.04462e+11 2.0768e+11 2.04387e+11 2.07808e+11 2.12215e+11 2.07508e+11 2.09177e+11 2.0771e+11 3.96874e+11
 200 2.0447e+11 2.07755e+11 2.04537e+11 2.07888e+11 2.12313e+11 2.07428e+11 2.0921e+11 2.07761e+11 3.96248e+11
 400 5.93619e+11 6.04412e+11 5.93362e+11 6.06011e+11 6.22227e+11 6.04483e+11 6.10907e+11 6.05397e+11 1.10746e+12
 600 1.12485e+12 1.1493e+12 1.12511e+12 1.15309e+12 1.18687e+12 1.14918e+12 1.16305e+12 1.15106e+12 2.05251e+12
 800 1.77244e+12 1.81632e+12 1.77369e+12 1.82355e+12 1.88093e+12 1.81455e+12 1.83968e+12 1.8188e+12 3.21713e+12
 1000 2.51898e+12 2.58729e+12 2.52126e+12 2.59984e+12 2.68469e+12 2.58179e+12 2.62211e+12 2.59027e+12 4.55746e+12
 1200 3.3473e+12 3.44682e+12 3.35085e+12 3.46584e+12 3.58464e+12 3.43784e+12 3.49611e+12 3.45033e+12 6.0488e+12
 1400 4.24727e+12 4.38359e+12 4.25343e+12 4.41037e+12 4.56814e+12 4.36994e+12 4.44949e+12 4.3876e+12 7.68112e+12
 1600 5.20835e+12 5.38792e+12 5.21762e+12 5.4253e+12 5.62708e+12 5.37e+12 5.47413e+12 5.39299e+12 9.43211e+12
 1800 6.22486e+12 6.45293e+12 6.23897e+12 6.50305e+12 6.75216e+12 6.42934e+12 6.56151e+12 6.45914e+12 1.12905e+13
 2000 7.29278e+12 7.57208e+12 7.31057e+12 7.63584e+12 7.93677e+12 7.54126e+12 7.70462e+12 7.5795e+12 1.32401e+13
 2200 8.40849e+12 8.73958e+12 8.42599e+12 8.81928e+12 9.17673e+12 8.7006e+12 8.89887e+12 8.7492e+12 1.52746e+13
 2400 9.5682e+12 9.95161e+12 9.57996e+12 1.0049e+13 1.04679e+13 9.90146e+12 1.01394e+13 9.96363e+12 1.73848e+13
 2600 1.07661e+13 1.12032e+13 1.07672e+13 1.13194e+13 1.18062e+13 1.11394e+13 1.14217e+13 1.12179e+13 1.95648e+13
 2800 1.19973e+13 1.24916e+13 1.19833e+13 1.26274e+13 1.31855e+13 1.24101e+13 1.2741e+13 1.25076e+13 2.18102e+13
 3000 1.32589e+13 1.38144e+13 1.3227e+13 1.39706e+13 1.46017e+13 1.37109e+13 1.40944e+13 1.383e+13 2.41147e+13
 3200 1.45498e+13 1.51687e+13 1.44969e+13 1.5344e+13 1.60513e+13 1.50399e+13 1.54784e+13 1.51824e+13 2.64761e+13
 3400 1.58672e+13 1.65525e+13 1.57911e+13 1.67442e+13 1.75319e+13 1.63945e+13 1.68902e+13 1.65622e+13 2.88902e+13
 3600 1.72071e+13 1.79621e+13 1.71051e+13 1.81672e+13 1.90403e+13 1.77748e+13 1.83275e+13 1.79664e+13 3.13548e+13
 3800 1.85696e+13 1.93952e+13 1.84387e+13 1.96102e+13 2.05753e+13 1.91787e+13 1.97881e+13 1.93933e+13 3.38655e+13
 4000 1.99528e+13 2.08495e+13 1.97903e+13 2.10724e+13 2.21336e+13 2.06032e+13 2.12697e+13 2.08409e+13 3.6418e+13
 4000 1.98526e+13 2.08723e+13 1.98863e+13 2.12295e+13 2.19981e+13 2.05901e+13 2.12726e+13 2.0845e+13 3.65976e+13
 8000 4.98663e+13 5.25933e+13 4.86977e+13 5.28558e+13 5.65324e+13 5.17524e+13 5.37136e+13 5.23824e+13 9.30606e+13
 12000 8.20381e+13 8.727e+13 7.93345e+13 8.66475e+13 9.38988e+13 8.5259e+13 8.86018e+13 8.63134e+13 1.5375e+14
 16000 1.15656e+14 1.23706e+14 1.10564e+14 1.20639e+14 1.3333e+14 1.19588e+14 1.24519e+14 1.21368e+14 2.16893e+14
 20000 1.4926e+14 1.60519e+14 1.41966e+14 1.5511e+14 1.74497e+14 1.53481e+14 1.61029e+14 1.5685e+14 2.81081e+14
 24000 1.8386e+14 1.97975e+14 1.74478e+14 1.89664e+14 2.16425e+14 1.86804e+14 1.97631e+14 1.92754e+14 3.47173e+14
 28000 2.18684e+14 2.35555e+14 2.07983e+14 2.23943e+14 2.59279e+14 2.20638e+14 2.3462e+14 2.29068e+14 4.14021e+14
 32000 2.53931e+14 2.7356e+14 2.41604e+14 2.58379e+14 3.03174e+14 2.55287e+14 2.7228e+14 2.65914e+14 4.81236e+14
 36000 2.89677e+14 3.1157e+14 2.7533e+14 2.92952e+14 3.48351e+14 2.90336e+14 3.10546e+14 3.03205e+14 5.49838e+14
 40000 3.25198e+14 3.49161e+14 3.08609e+14 3.27361e+14 3.93701e+14 3.25302e+14 3.48788e+14 3.40335e+14 6.18083e+14
 44000 3.60705e+14 3.8637e+14 3.41526e+14 3.62144e+14 4.38399e+14 3.61206e+14 3.87249e+14 3.77496e+14 6.86512e+14
 48000 3.9616e+14 4.23368e+14 3.74657e+14 3.97547e+14 4.83706e+14 3.98383e+14 4.26546e+14 4.15152e+14 7.54349e+14
 52000 4.31722e+14 4.59996e+14 4.07799e+14 4.34257e+14 5.29647e+14 4.36001e+14 4.66635e+14 4.5325e+14 8.23361e+14
 56000 4.66414e+14 4.96036e+14 4.40826e+14 4.72254e+14 5.7442e+14 4.73856e+14 5.06843e+14 4.91209e+14 8.93317e+14
 60000 5.01378e+14 5.32119e+14 4.7389e+14 5.09619e+14 6.19046e+14 5.11494e+14 5.4672e+14 5.29017e+14 9.66591e+14
 64000 5.37248e+14 5.68227e+14 5.07143e+14 5.46023e+14 6.6439e+14 5.48986e+14 5.86467e+14 5.66896e+14 1.03783e+15
 68000 5.73594e+14 6.04711e+14 5.41041e+14 5.8327e+14 7.10482e+14 5.86201e+14 6.26651e+14 6.05237e+14 1.10824e+15
 72000 6.10371e+14 6.41944e+14 5.75639e+14 6.21371e+14 7.56706e+14 6.237e+14 6.67259e+14 6.44083e+14 1.18098e+15
 76000 6.46637e+14 6.78444e+14 6.10586e+14 6.60429e+14 8.02654e+14 6.61853e+14 7.08312e+14 6.83076e+14 1.25422e+15
 80000 6.82385e+14 7.15024e+14 6.46091e+14 6.99154e+14 8.48278e+14 7.00399e+14 7.49277e+14 7.22033e+14 1.32848e+15
 80000 6.19196e+14 6.60086e+14 6.59384e+14 7.23112e+14 9.06408e+14 7.2186e+14 7.83793e+14 7.28765e+14 1.27078e+15
 160000 1.31685e+15 1.3473e+15 1.31264e+15 1.43274e+15 1.74617e+15 1.49678e+15 1.55857e+15 1.46538e+15 2.84104e+15
 240000 2.09014e+15 1.99454e+15 1.95361e+15 2.11261e+15 2.58834e+15 2.31829e+15 2.33974e+15 2.20895e+15 4.45016e+15
 320000 2.84818e+15 2.52099e+15 2.47962e+15 2.81981e+15 3.4911e+15 3.0743e+15 3.1284e+15 2.92355e+15 5.89306e+15
 400000 3.5701e+15 3.04527e+15 2.92349e+15 3.5134e+15 4.39371e+15 3.84912e+15 3.91874e+15 3.6231e+15 6.92924e+15
 480000 4.30655e+15 3.68512e+15 3.48895e+15 4.23056e+15 5.35273e+15 4.42264e+15 4.66864e+15 4.33194e+15 7.86866e+15
 560000 5.01863e+15 4.08934e+15 3.80341e+15 5.01519e+15 6.12997e+15 5.2163e+15 5.45382e+15 4.99381e+15 8.71622e+15
 640000 5.70173e+15 4.39204e+15 4.01268e+15 5.81733e+15 6.87095e+15 6.12593e+15 6.2714e+15 5.6437e+15 9.44623e+15
 720000 6.27527e+15 4.48305e+15 4.11085e+15 6.60128e+15 7.56207e+15 7.06496e+15 7.0761e+15 6.22822e+15 9.9574e+15
 800000 6.85629e+15 4.68952e+15 4.25887e+15 7.50276e+15 8.17153e+15 8.0876e+15 7.92063e+15 6.85967e+15 1.0566e+16
 880000 7.51971e+15 5.02256e+15 4.6064e+15 8.38976e+15 8.87319e+15 9.04382e+15 8.76892e+15 7.54784e+15 1.12468e+16
 960000 8.27606e+15 5.36554e+15 4.9534e+15 9.09636e+15 9.44999e+15 9.97243e+15 9.50626e+15 8.18309e+15 1.18655e+16
 1.04e+06 9.03211e+15 5.69495e+15 5.27491e+15 9.74275e+15 9.81197e+15 1.07313e+16 1.00953e+16 8.72414e+15 1.24376e+16
 1.12e+06 9.6655e+15 5.93764e+15 5.46994e+15 1.05289e+16 1.00957e+16 1.15275e+16 1.07174e+16 9.24016e+15 1.33213e+16
 1.2e+06 1.02967e+16 6.16598e+15 5.60609e+15 1.13081e+16 1.03576e+16 1.25503e+16 1.14053e+16 9.78568e+15 1.44517e+16
 1.28e+06 1.08496e+16 6.30408e+15 5.65522e+15 1.19499e+16 1.06353e+16 1.37335e+16 1.21063e+16 1.03049e+16 1.57255e+16
 1.36e+06 1.15764e+16 6.31008e+15 5.71844e+15 1.23833e+16 1.08511e+16 1.50371e+16 1.27572e+16 1.08016e+16 1.70727e+16
 1.44e+06 1.22964e+16 6.35042e+15 5.61512e+15 1.30243e+16 1.11464e+16 1.64492e+16 1.354e+16 1.13589e+16 1.86365e+16
 1.52e+06 1.29285e+16 6.41064e+15 5.54771e+15 1.36801e+16 1.14166e+16 1.79836e+16 1.43601e+16 1.19343e+16 2.02742e+16
 1.6e+06 1.35035e+16 6.4496e+15 5.66108e+15 1.42563e+16 1.17167e+16 1.9449e+16 1.51407e+16 1.24996e+16 2.19702e+16
 1.6e+06 1.79354e+16 6.42856e+15 7.65772e+15 1.49461e+16 1.02608e+16 2.06409e+16 1.52826e+16 1.34391e+16 2.25947e+16
 3.2e+06 2.76503e+16 1.10517e+16 8.44905e+15 3.39919e+16 1.78159e+16 3.74392e+16 2.9749e+16 2.41362e+16 6.30273e+16
 4.8e+06 4.88191e+16 1.83253e+16 1.69603e+16 3.79497e+16 3.41727e+16 5.55363e+16 4.25529e+16 3.67457e+16 1.00487e+17
 6.4e+06 4.57768e+16 2.21453e+16 2.20204e+16 2.47617e+16 4.0394e+16 7.00758e+16 4.50772e+16 3.90386e+16 1.22711e+17
 8e+06 4.50892e+16 2.69438e+16 2.33245e+16 2.1065e+16 3.77691e+16 6.80496e+16 4.22946e+16 3.80911e+16 1.43592e+17
 9.6e+06 4.57228e+16 3.14561e+16 3.4312e+16 1.20568e+16 3.77552e+16 6.57262e+16 3.85127e+16 3.79731e+16 1.44561e+17
 1.12e+07 3.42515e+16 3.11814e+16 3.71913e+16 8.23541e+15 2.19599e+16 6.78251e+16 3.26735e+16 3.32873e+16 1.35486e+17
 1.28e+07 2.39021e+16 1.42645e+16 4.75172e+16 2.20176e+15 4.29685e+16 3.48459e+16 2.6672e+16 2.74277e+16 7.20221e+16
 1.44e+07 2.83158e+16 1.57797e+16 6.79987e+16 7.70095e+13 4.72277e+16 1.56353e+16 2.098e+16 2.75339e+16 1.83526e+16
 1.6e+07 2.32317e+16 8.9952e+15 6.11387e+16 1.73666e+15 9.81773e+16 3.81726e+16 4.60289e+16 4.00661e+16 5.36353e+14
