#NOTE: MSDs should be divided by the temperature.
#NOTE: MSDs have been divided by 2 or 10 (i.e., the viscosity computed from all components).
#Time	MSD_xx	MSD_yy	MSD_zz	MSD_xy	MSD_xz	MSD_yz	MSD_off	MSD_all	MSD_bulkvisc
 10 1.88521e+09 1.87012e+09 1.84436e+09 1.85136e+09 1.89369e+09 1.82412e+09 1.85639e+09 1.86046e+09 2.17293e+09
 20 6.79759e+09 6.7345e+09 6.62798e+09 6.65561e+09 6.8343e+09 6.54999e+09 6.67997e+09 6.69599e+09 8.22813e+09
 30 1.36378e+10 1.34956e+10 1.32393e+10 1.33066e+10 1.37293e+10 1.30846e+10 1.33735e+10 1.34071e+10 1.73542e+10
 40 2.16397e+10 2.13949e+10 2.0898e+10 2.10298e+10 2.18142e+10 2.06711e+10 2.11717e+10 2.12274e+10 2.88499e+10
 50 3.04357e+10 3.00621e+10 2.92187e+10 2.94467e+10 3.07028e+10 2.89379e+10 2.96958e+10 2.97796e+10 4.21869e+10
 60 3.99316e+10 3.93911e+10 3.80934e+10 3.84536e+10 4.02712e+10 3.77768e+10 3.88338e+10 3.89558e+10 5.70236e+10
 70 5.00632e+10 4.9307e+10 4.74594e+10 4.79774e+10 5.04297e+10 4.71053e+10 4.85041e+10 4.86798e+10 7.32124e+10
 80 6.07135e+10 5.96914e+10 5.72099e+10 5.78801e+10 6.10451e+10 5.67917e+10 5.85723e+10 5.88253e+10 9.07365e+10
 90 7.17257e+10 7.03869e+10 6.71934e+10 6.79883e+10 7.19683e+10 6.66765e+10 6.88777e+10 6.92341e+10 1.09619e+11
 100 8.29964e+10 8.12816e+10 7.73081e+10 7.81974e+10 8.31199e+10 7.66666e+10 7.93279e+10 7.98082e+10 1.29849e+11
 110 9.45645e+10 9.23979e+10 8.7593e+10 8.85553e+10 9.45662e+10 8.681e+10 8.99772e+10 9.05937e+10 1.51346e+11
 120 1.06591e+11 1.03893e+11 9.8218e+10 9.92339e+10 1.06491e+11 9.72796e+10 1.01002e+11 1.01761e+11 1.73947e+11
 130 1.19259e+11 1.15962e+11 1.09378e+11 1.10433e+11 1.19098e+11 1.0827e+11 1.126e+11 1.13507e+11 1.97433e+11
 140 1.32681e+11 1.2873e+11 1.21186e+11 1.22279e+11 1.32509e+11 1.19891e+11 1.24893e+11 1.25949e+11 2.2159e+11
 150 1.46867e+11 1.42212e+11 1.3365e+11 1.34784e+11 1.46741e+11 1.32145e+11 1.3789e+11 1.39098e+11 2.46267e+11
 160 1.61759e+11 1.56355e+11 1.46717e+11 1.47893e+11 1.61742e+11 1.44969e+11 1.51534e+11 1.52898e+11 2.71402e+11
 170 1.77285e+11 1.71083e+11 1.60314e+11 1.61546e+11 1.77435e+11 1.5829e+11 1.65757e+11 1.67279e+11 2.97009e+11
 180 1.93406e+11 1.86357e+11 1.74395e+11 1.757e+11 1.93761e+11 1.72067e+11 1.80509e+11 1.82193e+11 3.23158e+11
 190 2.1011e+11 2.02175e+11 1.88948e+11 1.90334e+11 2.10688e+11 1.86284e+11 1.95769e+11 1.97626e+11 3.49931e+11
 200 2.27398e+11 2.18534e+11 2.03968e+11 2.05434e+11 2.28193e+11 2.00922e+11 2.11516e+11 2.13563e+11 3.77376e+11
 200 2.29928e+11 2.19339e+11 2.06554e+11 2.03267e+11 2.30275e+11 2.022e+11 2.11914e+11 2.14591e+11 3.74921e+11
 400 6.90642e+11 6.4349e+11 5.97039e+11 5.90176e+11 6.82925e+11 5.68019e+11 6.13707e+11 6.25714e+11 1.0284e+12
 600 1.34405e+12 1.23334e+12 1.12992e+12 1.10898e+12 1.32363e+12 1.06123e+12 1.16461e+12 1.19307e+12 1.85742e+12
 800 2.15502e+12 1.96822e+12 1.78914e+12 1.73738e+12 2.12177e+12 1.65708e+12 1.83875e+12 1.89156e+12 2.84621e+12
 1000 3.1082e+12 2.82579e+12 2.55255e+12 2.4551e+12 3.05545e+12 2.32845e+12 2.613e+12 2.69934e+12 3.98617e+12
 1200 4.17806e+12 3.79289e+12 3.39958e+12 3.24739e+12 4.09989e+12 3.06477e+12 3.47068e+12 3.59848e+12 5.22265e+12
 1400 5.36089e+12 4.86815e+12 4.32495e+12 4.11801e+12 5.24376e+12 3.86145e+12 4.40774e+12 4.58518e+12 6.56355e+12
 1600 6.63224e+12 6.03357e+12 5.31513e+12 5.04254e+12 6.47198e+12 4.71806e+12 5.41086e+12 5.64397e+12 7.99154e+12
 1800 7.98653e+12 7.28636e+12 6.35849e+12 6.0165e+12 7.77274e+12 5.62475e+12 6.47133e+12 6.76698e+12 9.49557e+12
 2000 9.41076e+12 8.62022e+12 7.45711e+12 7.03627e+12 9.1457e+12 6.58885e+12 7.59027e+12 7.95258e+12 1.10555e+13
 2200 1.08907e+13 1.00265e+13 8.591e+12 8.10187e+12 1.05872e+13 7.60677e+12 8.76529e+12 9.1936e+12 1.26597e+13
 2400 1.2428e+13 1.15007e+13 9.75718e+12 9.19773e+12 1.2089e+13 8.67581e+12 9.98751e+12 1.0484e+13 1.43284e+13
 2600 1.40108e+13 1.30311e+13 1.0953e+13 1.03139e+13 1.36414e+13 9.78331e+12 1.12462e+13 1.18137e+13 1.6039e+13
 2800 1.56371e+13 1.4621e+13 1.21806e+13 1.147e+13 1.52456e+13 1.09324e+13 1.25493e+13 1.31881e+13 1.77985e+13
 3000 1.73023e+13 1.62721e+13 1.34456e+13 1.2648e+13 1.68935e+13 1.21173e+13 1.38863e+13 1.46011e+13 1.961e+13
 3200 1.8988e+13 1.79661e+13 1.47404e+13 1.38538e+13 1.85744e+13 1.33306e+13 1.52529e+13 1.60443e+13 2.14604e+13
 3400 2.06957e+13 1.97094e+13 1.60629e+13 1.50896e+13 2.02942e+13 1.45695e+13 1.66511e+13 1.75197e+13 2.33354e+13
 3600 2.24326e+13 2.14964e+13 1.74174e+13 1.63408e+13 2.20518e+13 1.58231e+13 1.80719e+13 1.90227e+13 2.5249e+13
 3800 2.41919e+13 2.33299e+13 1.87967e+13 1.76188e+13 2.38568e+13 1.71034e+13 1.95263e+13 2.05583e+13 2.71905e+13
 4000 2.59767e+13 2.52091e+13 2.02005e+13 1.89232e+13 2.57022e+13 1.84112e+13 2.10122e+13 2.21255e+13 2.91658e+13
 4000 2.63917e+13 2.54094e+13 2.073e+13 2.00403e+13 2.3677e+13 1.81313e+13 2.06162e+13 2.20405e+13 2.75096e+13
 8000 6.84419e+13 7.15542e+13 5.32322e+13 4.86233e+13 6.71559e+13 4.78742e+13 5.45511e+13 5.84945e+13 6.94234e+13
 12000 1.21532e+14 1.26585e+14 9.71758e+13 7.59734e+13 1.21338e+14 8.13234e+13 9.28782e+13 1.01766e+14 1.06708e+14
 16000 1.76101e+14 1.88847e+14 1.46662e+14 1.09166e+14 1.75166e+14 1.16187e+14 1.33506e+14 1.48318e+14 1.36244e+14
 20000 2.34756e+14 2.59054e+14 2.03162e+14 1.53292e+14 2.29227e+14 1.53873e+14 1.78797e+14 2.00208e+14 1.6809e+14
 24000 2.91141e+14 3.2558e+14 2.57943e+14 2.04008e+14 2.85669e+14 1.92152e+14 2.27276e+14 2.52987e+14 2.03902e+14
 28000 3.52581e+14 3.86141e+14 3.14768e+14 2.5712e+14 3.47904e+14 2.31388e+14 2.78804e+14 3.07748e+14 2.34174e+14
 32000 4.19171e+14 4.32813e+14 3.71994e+14 3.08198e+14 4.15064e+14 2.72783e+14 3.32015e+14 3.62406e+14 2.61002e+14
 36000 4.91587e+14 4.73178e+14 4.29429e+14 3.58873e+14 4.87069e+14 3.16566e+14 3.87503e+14 4.18394e+14 2.90491e+14
 40000 5.68129e+14 5.089e+14 4.85547e+14 4.09346e+14 5.62717e+14 3.64271e+14 4.45444e+14 4.7561e+14 3.17089e+14
 44000 6.38695e+14 5.3377e+14 5.49173e+14 4.58856e+14 6.42255e+14 4.17343e+14 5.06151e+14 5.33243e+14 3.42037e+14
 48000 7.08091e+14 5.59508e+14 6.12405e+14 5.04929e+14 7.26092e+14 4.73706e+14 5.68242e+14 5.91613e+14 3.53692e+14
 52000 7.79358e+14 5.86014e+14 6.74187e+14 5.43383e+14 8.1135e+14 5.27973e+14 6.27569e+14 6.48482e+14 3.53311e+14
 56000 8.49378e+14 6.00581e+14 7.37263e+14 5.77176e+14 8.99627e+14 5.83517e+14 6.86773e+14 7.03694e+14 3.63894e+14
 60000 9.24204e+14 6.11859e+14 7.97932e+14 6.09314e+14 9.89679e+14 6.42749e+14 7.47247e+14 7.59548e+14 3.89217e+14
 64000 1.00416e+15 6.20221e+14 8.58783e+14 6.37552e+14 1.07403e+15 6.99104e+14 8.03563e+14 8.13226e+14 4.1646e+14
 68000 1.08314e+15 6.21218e+14 9.16528e+14 6.63929e+14 1.15333e+15 7.56787e+14 8.58015e+14 8.6426e+14 4.33869e+14
 72000 1.15173e+15 6.21845e+14 9.67638e+14 6.81716e+14 1.24242e+15 8.21704e+14 9.15281e+14 9.14663e+14 4.41211e+14
 76000 1.21693e+15 6.24609e+14 1.01183e+15 6.93185e+14 1.33168e+15 8.89654e+14 9.71506e+14 9.63353e+14 4.59725e+14
 80000 1.27678e+15 6.29909e+14 1.05278e+15 7.04288e+14 1.43071e+15 9.62379e+14 1.03246e+15 1.01407e+15 4.8846e+14
 80000 1.32821e+15 4.61445e+14 7.29427e+14 5.68172e+14 1.5718e+15 7.98032e+14 9.79335e+14 9.23479e+14 3.38588e+14
 160000 2.60098e+15 8.02817e+14 1.36298e+15 1.38498e+15 2.78002e+15 2.73458e+15 2.29986e+15 2.01548e+15 7.26555e+14
 240000 5.50025e+15 1.20909e+15 2.07297e+15 2.74038e+15 3.6464e+15 3.70195e+15 3.36291e+15 3.18872e+15 4.4084e+14
 320000 7.47848e+15 2.28505e+15 1.53949e+15 4.81778e+15 5.94408e+15 1.66674e+15 4.14287e+15 3.99279e+15 6.47044e+14
 400000 9.2835e+15 3.64001e+15 1.43509e+15 5.98719e+15 4.24791e+15 1.57487e+14 3.46419e+15 3.993e+15 7.98205e+14
 480000 4.22258e+15 2.30736e+15 2.87179e+14 3.78025e+15 9.02758e+15 3.77957e+12 4.27054e+15 3.47127e+15 7.803e+14
