# Time-averaged data for fix TEAve
# TimeStep v_TotEn
100000 -13911.7
200000 -13915.2
300000 -13914.2
400000 -13910.5
500000 -13913.5
600000 -13918.9
700000 -13919.5
800000 -13910.4
900000 -13912.3
1000000 -13912.1
1100000 -13914.9
1200000 -13914.6
1300000 -13916.3
1400000 -13912.1
1500000 -13915.4
1600000 -13906
1700000 -13906
1800000 -13911.8
1900000 -13907.5
2000000 -13907.4
2100000 -13908.9
2200000 -13912
2300000 -13908.1
2400000 -13905.3
2500000 -13907.1
2600000 -13915.5
2700000 -13918.2
2800000 -13915.8
2900000 -13910.9
3000000 -13910.2
3100000 -13911.6
3200000 -13917.5
3300000 -13912.5
3400000 -13912.4
3500000 -13907.2
3600000 -13912.6
3700000 -13920.2
3800000 -13908.4
3900000 -13911.5
4000000 -13914.8
4100000 -13916.1
4200000 -13920
4300000 -13917.2
4400000 -13908.4
4500000 -13909.6
4600000 -13912.5
4700000 -13906.4
4800000 -13905.3
4900000 -13912.6
5000000 -13915.3
5100000 -13905.7
5200000 -13908.8
5300000 -13915.3
5400000 -13911.4
5500000 -13917.4
5600000 -13911.3
5700000 -13916.4
5800000 -13913.1
5900000 -13918.6
6000000 -13915
6100000 -13916.2
6200000 -13907.1
6300000 -13914.9
6400000 -13907.6
6500000 -13905.3
6600000 -13896.3
6700000 -13913.3
6800000 -13918.4
6900000 -13911.2
7000000 -13912.6
7100000 -13906.9
7200000 -13917.8
7300000 -13912.6
7400000 -13915.9
7500000 -13912.3
7600000 -13915.3
7700000 -13924.8
7800000 -13914.4
7900000 -13902.4
8000000 -13921.2
8100000 -13913.2
8200000 -13907.1
8300000 -13905.3
8400000 -13915.4
8500000 -13917.9
8600000 -13910.1
8700000 -13911.1
8800000 -13907.4
8900000 -13909.3
9000000 -13914.8
9100000 -13913.1
9200000 -13912.1
9300000 -13911.4
9400000 -13913.9
9500000 -13916.2
9600000 -13905.4
9700000 -13912.7
9800000 -13909.1
9900000 -13915.2
10000000 -13916.8
10100000 -13908.2
10200000 -13901.2
10300000 -13903.4
10400000 -13907
10500000 -13912.8
10600000 -13903.7
10700000 -13904.8
10800000 -13913.5
10900000 -13917.3
11000000 -13921.5
11100000 -13911.8
11200000 -13919.3
11300000 -13911.5
11400000 -13916.3
11500000 -13917.4
11600000 -13908.5
11700000 -13913.2
11800000 -13915.2
11900000 -13913.6
12000000 -13908.7
12100000 -13912.9
12200000 -13901.4
12300000 -13913.6
12400000 -13907.1
12500000 -13915.6
12600000 -13912.5
12700000 -13913
12800000 -13910.9
12900000 -13908
13000000 -13906.2
13100000 -13913.6
13200000 -13915.9
13300000 -13911.2
13400000 -13910.7
13500000 -13918.1
13600000 -13911.3
13700000 -13917.7
13800000 -13912.4
13900000 -13914.8
14000000 -13918.7
14100000 -13919.5
14200000 -13910
14300000 -13903.7
14400000 -13903.3
14500000 -13909.3
14600000 -13909.5
14700000 -13916.6
14800000 -13918.2
14900000 -13919.7
15000000 -13915.9
15100000 -13907.8
15200000 -13909.8
15300000 -13917.5
15400000 -13917.2
15500000 -13916
15600000 -13917.6
15700000 -13907.7
15800000 -13911.6
15900000 -13919.9
16000000 -13907.8
16100000 -13909.1
16200000 -13910.3
16300000 -13913
16400000 -13910.3
16500000 -13915.1
16600000 -13916.2
16700000 -13916.8
16800000 -13925.2
16900000 -13917.1
17000000 -13920.3
17100000 -13911.2
17200000 -13911.2
17300000 -13909.1
17400000 -13911.6
17500000 -13916.5
17600000 -13918.3
17700000 -13911.4
17800000 -13922.9
17900000 -13916.1
18000000 -13917.9
18100000 -13912.6
18200000 -13919.7
18300000 -13910.6
18400000 -13909.6
18500000 -13915.3
18600000 -13904
18700000 -13906.5
18800000 -13911
18900000 -13914.5
19000000 -13913.4
19100000 -13918.2
19200000 -13907.8
19300000 -13912
19400000 -13905.9
19500000 -13913.9
19600000 -13912.5
19700000 -13916.1
19800000 -13922.8
19900000 -13912.9
20000000 -13909.6
20100000 -13916.7
20200000 -13910.1
20300000 -13907.9
20400000 -13905.7
20500000 -13913.7
20600000 -13905.9
20700000 -13910.2
20800000 -13907.6
20900000 -13904.1
21000000 -13910.2
21100000 -13915.7
21200000 -13914.6
21300000 -13919.3
21400000 -13913.4
21500000 -13904.8
21600000 -13914.5
21700000 -13917
21800000 -13908.4
21900000 -13913.6
22000000 -13919
22100000 -13915.7
22200000 -13912.6
22300000 -13916
22400000 -13916.1
22500000 -13914
22600000 -13913.1
22700000 -13908.9
22800000 -13910.3
22900000 -13908
23000000 -13913
23100000 -13911.9
23200000 -13906
23300000 -13908.8
23400000 -13914.5
23500000 -13912.5
23600000 -13920.5
23700000 -13907.8
23800000 -13913.8
23900000 -13908.7
24000000 -13910.2
24100000 -13915.8
24200000 -13913.7
24300000 -13907.3
24400000 -13908.9
24500000 -13917.4
24600000 -13911.4
24700000 -13908
24800000 -13903.5
24900000 -13909
25000000 -13911.6
25100000 -13912
25200000 -13912.6
25300000 -13916.5
25400000 -13913.2
25500000 -13908
25600000 -13915.3
25700000 -13916.7
25800000 -13914.9
25900000 -13909.4
26000000 -13911
26100000 -13917.3
26200000 -13905.2
26300000 -13917.4
26400000 -13907.3
26500000 -13898.9
26600000 -13912.1
26700000 -13901.8
26800000 -13912.5
26900000 -13913.2
27000000 -13908.1
27100000 -13913.8
27200000 -13906.1
27300000 -13911.2
27400000 -13914.8
27500000 -13905.9
27600000 -13915.2
27700000 -13915.1
27800000 -13909.1
27900000 -13906.7
28000000 -13912.1
28100000 -13914.9
28200000 -13916.3
28300000 -13903.4
28400000 -13911.8
28500000 -13918.7
28600000 -13910.9
28700000 -13910.6
28800000 -13918.5
28900000 -13920.4
29000000 -13907.2
29100000 -13914.8
29200000 -13910.4
29300000 -13913.6
29400000 -13907.4
29500000 -13910.1
29600000 -13914.9
29700000 -13907.2
29800000 -13906.9
29900000 -13901.3
30000000 -13911.2
30100000 -13911
30200000 -13913.6
30300000 -13911.4
30400000 -13907.6
30500000 -13912.9
30600000 -13912
30700000 -13917.1
30800000 -13919.6
30900000 -13913.7
31000000 -13905.5
31100000 -13919.3
31200000 -13911.7
31300000 -13905.8
31400000 -13912.2
31500000 -13913.1
31600000 -13916.7
31700000 -13912.3
31800000 -13912.3
31900000 -13912.6
32000000 -13911.1
32100000 -13912.3
32200000 -13918.1
32300000 -13911.2
32400000 -13909
32500000 -13907.3
32600000 -13913.5
32700000 -13918.3
32800000 -13912.2
32900000 -13909.2
33000000 -13911.9
33100000 -13918.4
33200000 -13909.2
33300000 -13912.4
33400000 -13917.3
33500000 -13904.2
33600000 -13912.1
33700000 -13913.3
33800000 -13913.7
33900000 -13911.2
34000000 -13913.3
34100000 -13917.2
34200000 -13909.1
34300000 -13919.4
34400000 -13909.4
34500000 -13907.1
34600000 -13910.3
34700000 -13905.6
34800000 -13911.5
34900000 -13916.5
35000000 -13911.3
35100000 -13920.8
35200000 -13915.2
35300000 -13910.2
35400000 -13914.8
35500000 -13918.3
35600000 -13908.2
35700000 -13914.8
35800000 -13910.1
35900000 -13920.8
36000000 -13919.6
36100000 -13913.1
36200000 -13905.9
36300000 -13917
36400000 -13912.9
36500000 -13907.2
36600000 -13910.9
36700000 -13915.7
36800000 -13915.5
36900000 -13914.4
37000000 -13909.6
37100000 -13918.1
37200000 -13906.4
37300000 -13912.7
37400000 -13905.3
37500000 -13911.9
37600000 -13911.2
37700000 -13914
37800000 -13907.1
37900000 -13923
38000000 -13902.9
38100000 -13907.7
38200000 -13917.5
38300000 -13911.3
38400000 -13912.4
38500000 -13921.6
38600000 -13910.1
38700000 -13909.3
38800000 -13914.8
38900000 -13912
39000000 -13916.9
39100000 -13915.2
39200000 -13910.2
39300000 -13912.5
39400000 -13912
39500000 -13910.5
39600000 -13909.3
39700000 -13913.8
39800000 -13916.3
39900000 -13902
40000000 -13916.9
