#NOTE: MSDs should be divided by the temperature.
#NOTE: MSDs have been divided by 2 or 10 (i.e., the viscosity computed from all components).
#Time	MSD_xx	MSD_yy	MSD_zz	MSD_xy	MSD_xz	MSD_yz	MSD_off	MSD_all	MSD_bulkvisc
 20 6.69301e+09 6.67868e+09 6.86152e+09 6.75926e+09 6.76684e+09 6.58915e+09 6.70508e+09 6.72081e+09 8.45621e+09
 40 2.1019e+10 2.09362e+10 2.16584e+10 2.12953e+10 2.12879e+10 2.06672e+10 2.10835e+10 2.11319e+10 2.9579e+10
 60 3.83953e+10 3.81541e+10 3.97872e+10 3.9018e+10 3.89708e+10 3.77586e+10 3.85825e+10 3.8661e+10 5.84378e+10
 80 5.77892e+10 5.73011e+10 6.02141e+10 5.88739e+10 5.8837e+10 5.69659e+10 5.82256e+10 5.83093e+10 9.29779e+10
 100 7.81591e+10 7.73278e+10 8.18286e+10 7.98036e+10 7.98076e+10 7.72956e+10 7.89689e+10 7.90234e+10 1.33131e+11
 120 9.938e+10 9.80591e+10 1.04385e+11 1.01573e+11 1.01615e+11 9.85228e+10 1.0057e+11 1.00585e+11 1.7856e+11
 140 1.22691e+11 1.20751e+11 1.29124e+11 1.25327e+11 1.25376e+11 1.21794e+11 1.24166e+11 1.24175e+11 2.27838e+11
 160 1.4871e+11 1.46021e+11 1.56691e+11 1.51636e+11 1.51697e+11 1.47628e+11 1.5032e+11 1.50382e+11 2.79604e+11
 180 1.77098e+11 1.73536e+11 1.86853e+11 1.80233e+11 1.80335e+11 1.75637e+11 1.78735e+11 1.78906e+11 3.33677e+11
 200 2.0756e+11 2.02998e+11 2.19366e+11 2.10891e+11 2.11064e+11 2.05621e+11 2.09192e+11 2.09505e+11 3.90606e+11
 220 2.39945e+11 2.34347e+11 2.54118e+11 2.43508e+11 2.43798e+11 2.37488e+11 2.41598e+11 2.4208e+11 4.50458e+11
 240 2.74062e+11 2.67497e+11 2.90927e+11 2.77956e+11 2.78388e+11 2.71035e+11 2.75793e+11 2.76474e+11 5.12583e+11
 260 3.09807e+11 3.02377e+11 3.29681e+11 3.14194e+11 3.14712e+11 3.06161e+11 3.11689e+11 3.12595e+11 5.76483e+11
 280 3.47169e+11 3.38933e+11 3.70346e+11 3.52183e+11 3.52766e+11 3.42848e+11 3.49265e+11 3.50419e+11 6.42373e+11
 300 3.86151e+11 3.77155e+11 4.12905e+11 3.91938e+11 3.92505e+11 3.81074e+11 3.88506e+11 3.89932e+11 7.10713e+11
 320 4.26666e+11 4.16967e+11 4.57329e+11 4.33373e+11 4.33867e+11 4.20833e+11 4.29358e+11 4.31076e+11 7.81532e+11
 340 4.68738e+11 4.58353e+11 5.03599e+11 4.7635e+11 4.76851e+11 4.62147e+11 4.71783e+11 4.73829e+11 8.54518e+11
 360 5.1243e+11 5.01375e+11 5.51737e+11 5.20897e+11 5.21451e+11 5.05e+11 5.15783e+11 5.18209e+11 9.29511e+11
 380 5.5773e+11 5.46059e+11 6.01695e+11 5.67059e+11 5.67639e+11 5.49325e+11 5.61341e+11 5.64202e+11 1.00671e+12
 400 6.04558e+11 5.92335e+11 6.53381e+11 6.14799e+11 6.15384e+11 5.95006e+11 6.08397e+11 6.11741e+11 1.08637e+12
 400 6.07307e+11 5.94112e+11 6.49012e+11 6.1463e+11 6.1877e+11 6.02715e+11 6.12038e+11 6.13947e+11 1.08877e+12
 800 1.81395e+12 1.79722e+12 2.00832e+12 1.84566e+12 1.85329e+12 1.78066e+12 1.82653e+12 1.84519e+12 3.12133e+12
 1200 3.43961e+12 3.43633e+12 3.86582e+12 3.51276e+12 3.50007e+12 3.37083e+12 3.46122e+12 3.50897e+12 5.80881e+12
 1600 5.38098e+12 5.40415e+12 6.11864e+12 5.48954e+12 5.44764e+12 5.24575e+12 5.39431e+12 5.49042e+12 8.94307e+12
 2000 7.57366e+12 7.66066e+12 8.69712e+12 7.70264e+12 7.63535e+12 7.31787e+12 7.55196e+12 7.72203e+12 1.24909e+13
 2400 9.98431e+12 1.01418e+13 1.15498e+13 1.01198e+13 1.00567e+13 9.53178e+12 9.90276e+12 1.01651e+13 1.63546e+13
 2800 1.25656e+13 1.28052e+13 1.46074e+13 1.27218e+13 1.26662e+13 1.18321e+13 1.24067e+13 1.27744e+13 2.05661e+13
 3200 1.52972e+13 1.55882e+13 1.78533e+13 1.55042e+13 1.54396e+13 1.42138e+13 1.50525e+13 1.553e+13 2.50609e+13
 3600 1.81568e+13 1.84747e+13 2.12695e+13 1.84198e+13 1.83428e+13 1.6658e+13 1.78069e+13 1.84043e+13 2.98069e+13
 4000 2.11126e+13 2.14493e+13 2.48427e+13 2.14498e+13 2.13531e+13 1.91581e+13 2.06537e+13 2.13795e+13 3.4814e+13
 4400 2.41715e+13 2.45093e+13 2.85531e+13 2.45945e+13 2.44761e+13 2.16685e+13 2.35797e+13 2.44457e+13 4.00083e+13
 4800 2.7339e+13 2.7656e+13 3.23981e+13 2.78424e+13 2.77041e+13 2.41737e+13 2.65734e+13 2.75965e+13 4.53565e+13
 5200 3.06118e+13 3.08837e+13 3.63691e+13 3.11992e+13 3.10075e+13 2.66542e+13 2.96203e+13 3.08208e+13 5.08419e+13
 5600 3.39526e+13 3.41807e+13 4.04805e+13 3.46407e+13 3.43698e+13 2.91018e+13 3.27041e+13 3.41043e+13 5.63776e+13
 6000 3.73436e+13 3.75558e+13 4.47325e+13 3.81573e+13 3.77896e+13 3.15032e+13 3.58167e+13 3.74409e+13 6.1935e+13
 6400 4.07597e+13 4.09796e+13 4.91081e+13 4.17463e+13 4.12679e+13 3.38352e+13 3.89498e+13 4.08162e+13 6.75496e+13
 6800 4.41835e+13 4.446e+13 5.35632e+13 4.53963e+13 4.48355e+13 3.60827e+13 4.21048e+13 4.42238e+13 7.32206e+13
 7200 4.75813e+13 4.79906e+13 5.80832e+13 4.9098e+13 4.84975e+13 3.82617e+13 4.52857e+13 4.76588e+13 7.89231e+13
 7600 5.09527e+13 5.15646e+13 6.26558e+13 5.28539e+13 5.22692e+13 4.0385e+13 4.85027e+13 5.11247e+13 8.46529e+13
 8000 5.43114e+13 5.51634e+13 6.72791e+13 5.66615e+13 5.61518e+13 4.24647e+13 5.17593e+13 5.46228e+13 9.03544e+13
 8000 5.66675e+13 5.70425e+13 6.25112e+13 5.63179e+13 5.40686e+13 4.39275e+13 5.1438e+13 5.4359e+13 9.47018e+13
 16000 1.17768e+14 1.26417e+14 1.60062e+14 1.45396e+14 1.377e+14 8.57182e+13 1.22938e+14 1.27663e+14 2.10741e+14
 24000 1.77762e+14 1.88587e+14 2.45212e+14 2.40287e+14 2.16154e+14 1.14089e+14 1.90177e+14 1.95647e+14 3.111e+14
 32000 2.27394e+14 2.39557e+14 3.0998e+14 3.50822e+14 2.91521e+14 1.42378e+14 2.61574e+14 2.60535e+14 3.95882e+14
 40000 2.85679e+14 2.8355e+14 3.79085e+14 4.6453e+14 3.57505e+14 1.83849e+14 3.35295e+14 3.27619e+14 5.04644e+14
 48000 3.44605e+14 3.20784e+14 4.57487e+14 5.68911e+14 4.11441e+14 2.21074e+14 4.00475e+14 3.90002e+14 6.18826e+14
 56000 4.02467e+14 3.63286e+14 5.58816e+14 6.72852e+14 4.66765e+14 2.52917e+14 4.64178e+14 4.55116e+14 7.51974e+14
 64000 4.45536e+14 4.22554e+14 6.66876e+14 7.79085e+14 5.16889e+14 2.90788e+14 5.28921e+14 5.22015e+14 8.69151e+14
 72000 4.78268e+14 4.83368e+14 7.70645e+14 8.9203e+14 5.698e+14 3.38178e+14 6.00003e+14 5.90972e+14 9.86149e+14
 80000 5.20714e+14 5.44351e+14 8.89678e+14 1.00901e+15 6.23346e+14 3.87922e+14 6.73426e+14 6.64688e+14 1.05611e+15
 88000 5.71459e+14 5.98305e+14 1.0202e+15 1.129e+15 6.86773e+14 4.32777e+14 7.49516e+14 7.41705e+14 1.13215e+15
 96000 6.24631e+14 6.45887e+14 1.14218e+15 1.26455e+15 7.50414e+14 4.67355e+14 8.27439e+14 8.18156e+14 1.2462e+15
 104000 6.80885e+14 6.95238e+14 1.25448e+15 1.41527e+15 8.09977e+14 5.06662e+14 9.10636e+14 8.97128e+14 1.3638e+15
 112000 7.37926e+14 7.55389e+14 1.34717e+15 1.56801e+15 8.72188e+14 5.47232e+14 9.95811e+14 9.76219e+14 1.45223e+15
 120000 7.87432e+14 8.22573e+14 1.4361e+15 1.72668e+15 9.37401e+14 5.90777e+14 1.08495e+15 1.05712e+15 1.54859e+15
 128000 8.34502e+14 9.07835e+14 1.54159e+15 1.87811e+15 9.988e+14 6.31905e+14 1.1696e+15 1.13962e+15 1.66566e+15
 136000 8.87102e+14 9.93612e+14 1.6574e+15 2.02092e+15 1.04753e+15 6.69416e+14 1.24595e+15 1.21932e+15 1.76704e+15
 144000 9.34216e+14 1.07103e+15 1.76718e+15 2.14258e+15 1.09442e+15 7.13351e+14 1.31678e+15 1.29306e+15 1.88042e+15
 152000 9.91255e+14 1.13961e+15 1.86422e+15 2.26867e+15 1.1527e+15 7.55623e+14 1.39233e+15 1.36808e+15 1.99479e+15
 160000 1.0391e+15 1.21142e+15 1.95601e+15 2.39785e+15 1.21529e+15 7.80004e+14 1.46438e+15 1.4395e+15 2.1261e+15
 160000 1.06774e+15 1.2073e+15 1.86676e+15 2.70485e+15 1.09964e+15 7.85475e+14 1.52999e+15 1.47023e+15 2.15715e+15
 320000 2.47402e+15 4.08401e+15 6.12554e+15 5.49682e+15 2.42565e+15 1.56894e+15 3.1638e+15 3.58943e+15 4.30525e+15
 480000 2.20789e+15 8.58129e+15 1.12722e+16 4.75403e+15 3.92869e+15 1.19705e+15 3.29326e+15 4.91747e+15 7.88854e+15
 640000 2.69278e+15 1.49701e+16 1.8983e+16 9.84392e+14 3.96343e+15 1.67166e+15 2.20649e+15 6.21001e+15 7.76028e+15
 800000 3.6459e+15 2.1907e+16 2.52301e+16 2.05843e+15 4.57333e+15 2.26722e+15 2.96633e+15 8.55087e+15 9.43507e+15
 960000 5.09817e+15 2.62135e+16 2.69322e+16 6.04055e+15 9.09356e+15 2.61903e+15 5.91772e+15 1.13165e+16 5.42298e+15
 1.12e+06 2.09439e+15 2.92043e+16 2.83907e+16 8.37414e+15 1.41696e+16 1.35085e+15 7.96488e+15 1.27375e+16 3.65527e+15
 1.28e+06 3.2755e+13 3.63751e+16 3.42248e+16 3.82967e+15 2.49304e+16 1.4041e+15 1.00547e+16 1.54505e+16 2.01919e+12
