#NOTE: MSDs should be divided by the temperature.
#NOTE: MSDs have been divided by 2 or 10 (i.e., the viscosity computed from all components).
#Time	MSD_xx	MSD_yy	MSD_zz	MSD_xy	MSD_xz	MSD_yz	MSD_off	MSD_all	MSD_bulkvisc
 20 6.67993e+09 6.71247e+09 6.7669e+09 6.74867e+09 6.71696e+09 6.70069e+09 6.72211e+09 6.72117e+09 8.41935e+09
 40 2.09897e+10 2.10885e+10 2.12491e+10 2.12347e+10 2.1094e+10 2.10302e+10 2.11196e+10 2.11154e+10 2.94444e+10
 60 3.83311e+10 3.85112e+10 3.88215e+10 3.88606e+10 3.84742e+10 3.83659e+10 3.85669e+10 3.8562e+10 5.80962e+10
 80 5.7661e+10 5.7967e+10 5.84836e+10 5.85968e+10 5.77724e+10 5.76684e+10 5.80125e+10 5.80224e+10 9.23249e+10
 100 7.78919e+10 7.84282e+10 7.92344e+10 7.93777e+10 7.79322e+10 7.78798e+10 7.83966e+10 7.84452e+10 1.32113e+11
 120 9.88461e+10 9.97331e+10 1.00913e+11 1.01029e+11 9.8779e+10 9.8804e+10 9.95374e+10 9.96547e+10 1.77169e+11
 140 1.21759e+11 1.23084e+11 1.24737e+11 1.24776e+11 1.2154e+11 1.21601e+11 1.22639e+11 1.22861e+11 2.26097e+11
 160 1.47222e+11 1.49031e+11 1.51292e+11 1.5122e+11 1.4684e+11 1.46794e+11 1.48285e+11 1.48643e+11 2.77573e+11
 180 1.74944e+11 1.77212e+11 1.80217e+11 1.80057e+11 1.7443e+11 1.7409e+11 1.76192e+11 1.76698e+11 3.31433e+11
 200 2.04718e+11 2.07434e+11 2.11241e+11 2.10987e+11 2.04066e+11 2.03315e+11 2.06123e+11 2.06793e+11 3.88206e+11
 220 2.3642e+11 2.39575e+11 2.44207e+11 2.43824e+11 2.35564e+11 2.34363e+11 2.37917e+11 2.38777e+11 4.47969e+11
 240 2.69884e+11 2.73488e+11 2.78901e+11 2.78416e+11 2.68739e+11 2.67087e+11 2.71414e+11 2.72485e+11 5.10114e+11
 260 3.05015e+11 3.09153e+11 3.15269e+11 3.14722e+11 3.03501e+11 3.01433e+11 3.06552e+11 3.07856e+11 5.74196e+11
 280 3.41782e+11 3.46557e+11 3.53334e+11 3.52738e+11 3.39779e+11 3.37351e+11 3.43289e+11 3.44863e+11 6.40383e+11
 300 3.80102e+11 3.85555e+11 3.9305e+11 3.92432e+11 3.77497e+11 3.74744e+11 3.81558e+11 3.83429e+11 7.09055e+11
 320 4.19903e+11 4.26007e+11 4.34332e+11 4.3378e+11 4.16622e+11 4.1359e+11 4.21331e+11 4.23497e+11 7.80241e+11
 340 4.61178e+11 4.67869e+11 4.77141e+11 4.7673e+11 4.57192e+11 4.53902e+11 4.62608e+11 4.65057e+11 8.53613e+11
 360 5.03936e+11 5.11179e+11 5.21485e+11 5.21259e+11 4.99198e+11 4.95684e+11 5.05381e+11 5.08108e+11 9.2902e+11
 380 5.48188e+11 5.55997e+11 5.67336e+11 5.6735e+11 5.42628e+11 5.38983e+11 5.49654e+11 5.52662e+11 1.00662e+12
 400 5.93922e+11 6.02343e+11 6.1469e+11 6.14979e+11 5.87508e+11 5.83747e+11 5.95412e+11 5.98708e+11 1.08663e+12
 400 5.95508e+11 6.04497e+11 6.18502e+11 6.10079e+11 5.8909e+11 5.84723e+11 5.94631e+11 5.99246e+11 1.10061e+12
 800 1.78019e+12 1.79788e+12 1.84316e+12 1.83007e+12 1.72771e+12 1.72657e+12 1.76145e+12 1.7797e+12 3.16013e+12
 1200 3.38412e+12 3.41913e+12 3.48631e+12 3.46548e+12 3.23199e+12 3.25729e+12 3.31825e+12 3.36289e+12 5.88238e+12
 1600 5.30866e+12 5.35624e+12 5.43587e+12 5.41458e+12 5.02623e+12 5.06514e+12 5.16865e+12 5.24796e+12 9.09489e+12
 2000 7.4708e+12 7.5428e+12 7.63642e+12 7.63135e+12 7.03041e+12 7.08909e+12 7.25028e+12 7.37017e+12 1.26667e+13
 2400 9.82027e+12 9.93736e+12 1.00607e+13 1.00627e+13 9.18947e+12 9.30457e+12 9.5189e+12 9.68712e+12 1.65379e+13
 2800 1.23085e+13 1.25055e+13 1.26645e+13 1.26654e+13 1.14658e+13 1.16732e+13 1.19348e+13 1.2158e+13 2.06622e+13
 3200 1.49036e+13 1.519e+13 1.54056e+13 1.54206e+13 1.3834e+13 1.41362e+13 1.44636e+13 1.47447e+13 2.50436e+13
 3600 1.75935e+13 1.79773e+13 1.82452e+13 1.82868e+13 1.62964e+13 1.66694e+13 1.70842e+13 1.7426e+13 2.96216e+13
 4000 2.03707e+13 2.08518e+13 2.11722e+13 2.1223e+13 1.88437e+13 1.92606e+13 1.97758e+13 2.01848e+13 3.43624e+13
 4400 2.32143e+13 2.38174e+13 2.41896e+13 2.42042e+13 2.14441e+13 2.19131e+13 2.25204e+13 2.30084e+13 3.92268e+13
 4800 2.60944e+13 2.68813e+13 2.72858e+13 2.72473e+13 2.40928e+13 2.46199e+13 2.532e+13 2.58935e+13 4.42766e+13
 5200 2.90022e+13 2.99913e+13 3.04343e+13 3.03387e+13 2.67793e+13 2.73766e+13 2.81649e+13 2.88226e+13 4.94815e+13
 5600 3.19509e+13 3.31681e+13 3.36443e+13 3.3476e+13 2.95001e+13 3.01661e+13 3.10474e+13 3.17969e+13 5.48262e+13
 6000 3.49529e+13 3.64039e+13 3.69122e+13 3.66835e+13 3.2245e+13 3.29759e+13 3.39681e+13 3.48167e+13 6.0289e+13
 6400 3.80033e+13 3.96859e+13 4.02273e+13 3.99409e+13 3.49888e+13 3.57976e+13 3.69091e+13 3.78677e+13 6.58091e+13
 6800 4.11042e+13 4.30117e+13 4.36057e+13 4.32288e+13 3.77487e+13 3.8645e+13 3.98742e+13 4.09541e+13 7.14221e+13
 7200 4.42458e+13 4.64072e+13 4.70509e+13 4.65434e+13 4.0517e+13 4.15266e+13 4.28623e+13 4.40779e+13 7.71086e+13
 7600 4.74173e+13 4.98637e+13 5.05373e+13 4.98518e+13 4.32997e+13 4.44354e+13 4.58623e+13 4.72265e+13 8.28245e+13
 8000 5.06083e+13 5.33839e+13 5.40619e+13 5.31935e+13 4.61191e+13 4.73424e+13 4.8885e+13 5.04049e+13 8.86227e+13
 8000 5.29063e+13 5.90704e+13 5.67837e+13 5.06966e+13 4.63775e+13 4.49238e+13 4.73326e+13 5.0901e+13 9.41361e+13
 16000 1.2534e+14 1.41378e+14 1.33673e+14 1.19221e+14 1.09481e+14 1.08559e+14 1.12421e+14 1.20838e+14 2.09529e+14
 24000 1.93056e+14 2.25227e+14 2.10344e+14 1.78908e+14 1.8343e+14 1.64743e+14 1.75694e+14 1.89233e+14 3.18373e+14
 32000 2.6706e+14 3.1148e+14 2.84413e+14 2.26107e+14 2.61636e+14 2.19838e+14 2.35861e+14 2.56577e+14 4.17255e+14
 40000 3.53423e+14 3.95808e+14 3.59884e+14 2.78109e+14 3.39507e+14 2.83038e+14 3.00218e+14 3.28013e+14 5.05346e+14
 48000 4.35385e+14 4.69978e+14 4.42948e+14 3.42231e+14 4.18555e+14 3.48247e+14 3.69678e+14 4.01582e+14 5.97664e+14
 56000 5.03739e+14 5.25768e+14 5.22009e+14 3.97131e+14 4.95853e+14 4.05974e+14 4.32986e+14 4.6666e+14 6.6342e+14
 64000 5.693e+14 5.61227e+14 6.00342e+14 4.50959e+14 5.76352e+14 4.53163e+14 4.93491e+14 5.26877e+14 7.19214e+14
 72000 6.38721e+14 5.84939e+14 6.69051e+14 5.14395e+14 6.65587e+14 4.99183e+14 5.59721e+14 5.88194e+14 7.67798e+14
 80000 7.01367e+14 5.99384e+14 7.31304e+14 5.86527e+14 7.62303e+14 5.49277e+14 6.32702e+14 6.50562e+14 7.97457e+14
 88000 7.76958e+14 6.09426e+14 8.11105e+14 6.55792e+14 8.57962e+14 5.93124e+14 7.02293e+14 7.14374e+14 8.18492e+14
 96000 8.59589e+14 6.21594e+14 8.86284e+14 7.1209e+14 9.56079e+14 6.22278e+14 7.63482e+14 7.73752e+14 8.39377e+14
 104000 9.54509e+14 6.23676e+14 9.47721e+14 7.60503e+14 1.05283e+15 6.43705e+14 8.19014e+14 8.28196e+14 8.84752e+14
 112000 1.04381e+15 6.22653e+14 1.00728e+15 8.0875e+14 1.16389e+15 6.62593e+14 8.78411e+14 8.83546e+14 8.86033e+14
 120000 1.12922e+15 6.21674e+14 1.07005e+15 8.56141e+14 1.28203e+15 6.78066e+14 9.38744e+14 9.39372e+14 8.751e+14
 128000 1.22457e+15 6.42497e+14 1.14218e+15 9.0369e+14 1.40311e+15 6.95623e+14 1.00081e+15 1.00172e+15 8.7931e+14
 136000 1.33654e+15 6.8379e+14 1.20495e+15 9.56823e+14 1.53265e+15 7.05699e+14 1.06506e+15 1.06907e+15 8.98413e+14
 144000 1.44234e+15 7.25225e+14 1.25592e+15 1.02469e+15 1.65457e+15 7.25149e+14 1.1348e+15 1.13735e+15 9.35058e+14
 152000 1.57453e+15 7.81677e+14 1.32634e+15 1.10615e+15 1.77682e+15 7.5469e+14 1.21255e+15 1.21854e+15 9.67654e+14
 160000 1.72502e+15 8.45698e+14 1.40606e+15 1.1894e+15 1.89478e+15 7.88277e+14 1.29082e+15 1.30473e+15 9.80716e+14
 160000 1.59927e+15 7.38841e+14 1.19503e+15 1.86352e+15 2.8004e+15 9.6445e+14 1.87612e+15 1.59676e+15 1.00845e+15
 320000 4.35435e+15 1.82927e+15 2.4436e+15 4.46675e+15 5.0826e+15 1.85043e+15 3.79992e+15 3.43025e+15 1.32784e+15
 480000 5.6652e+15 3.22415e+15 2.44445e+15 6.28316e+15 7.17015e+15 3.20653e+15 5.55328e+15 4.84314e+15 5.44913e+14
 640000 6.63188e+15 4.44046e+15 1.26938e+15 7.80638e+15 1.10568e+16 5.05864e+15 7.97394e+15 6.42993e+15 5.84542e+14
 800000 1.04821e+16 6.5853e+15 6.4908e+14 9.96079e+15 1.40512e+16 4.21711e+15 9.40969e+15 8.00801e+15 1.64776e+15
 960000 1.89701e+16 1.02123e+16 1.88065e+15 9.78911e+15 1.50366e+16 4.47851e+15 9.76806e+15 1.00026e+16 1.71557e+15
 1.12e+06 3.02442e+16 1.38943e+16 4.47358e+15 3.45559e+15 9.2934e+15 4.34908e+15 5.69936e+15 9.90122e+15 1.67361e+15
 1.28e+06 3.0676e+16 1.09485e+16 4.97174e+15 6.18426e+15 1.10004e+16 2.8897e+15 6.69146e+15 1.02277e+16 5.25965e+14
