#NOTE: MSDs should be divided by the temperature.
#NOTE: MSDs have been divided by 2 or 10 (i.e., the viscosity computed from all components).
#Time	MSD_xx	MSD_yy	MSD_zz	MSD_xy	MSD_xz	MSD_yz	MSD_off	MSD_all	MSD_bulkvisc
 20 6.7195e+09 6.71138e+09 6.71114e+09 6.7263e+09 6.68607e+09 6.71699e+09 6.70978e+09 6.71147e+09 8.46811e+09
 40 2.11245e+10 2.10956e+10 2.10872e+10 2.11467e+10 2.10076e+10 2.11216e+10 2.1092e+10 2.10962e+10 2.96377e+10
 60 3.86218e+10 3.85692e+10 3.8536e+10 3.86547e+10 3.83648e+10 3.86177e+10 3.85457e+10 3.85577e+10 5.8578e+10
 80 5.81652e+10 5.81167e+10 5.80351e+10 5.82236e+10 5.77225e+10 5.81795e+10 5.80419e+10 5.80674e+10 9.32545e+10
 100 7.86895e+10 7.867e+10 7.85329e+10 7.87997e+10 7.80348e+10 7.87606e+10 7.85317e+10 7.85714e+10 1.33579e+11
 120 1.00002e+11 1.00016e+11 9.9824e+10 1.00193e+11 9.90985e+10 1.00163e+11 9.98184e+10 9.987e+10 1.79197e+11
 140 1.23311e+11 1.23362e+11 1.23119e+11 1.23621e+11 1.22111e+11 1.23599e+11 1.2311e+11 1.23172e+11 2.28677e+11
 160 1.49177e+11 1.49275e+11 1.48995e+11 1.49657e+11 1.47654e+11 1.49629e+11 1.4898e+11 1.49048e+11 2.80678e+11
 180 1.7728e+11 1.77419e+11 1.77123e+11 1.77981e+11 1.75409e+11 1.77914e+11 1.77102e+11 1.77171e+11 3.35011e+11
 200 2.07385e+11 2.0757e+11 2.07269e+11 2.08355e+11 2.05128e+11 2.08201e+11 2.07228e+11 2.073e+11 3.92206e+11
 220 2.39374e+11 2.39638e+11 2.39334e+11 2.40664e+11 2.36689e+11 2.40381e+11 2.39244e+11 2.39326e+11 4.52323e+11
 240 2.73109e+11 2.73501e+11 2.73182e+11 2.74773e+11 2.69959e+11 2.7431e+11 2.73014e+11 2.73114e+11 5.14718e+11
 260 3.08519e+11 3.09091e+11 3.08745e+11 3.10622e+11 3.04882e+11 3.09934e+11 3.08479e+11 3.08602e+11 5.78888e+11
 280 3.45558e+11 3.46364e+11 3.4599e+11 3.48192e+11 3.41434e+11 3.47231e+11 3.45619e+11 3.4576e+11 6.45018e+11
 300 3.84159e+11 3.85257e+11 3.8485e+11 3.8743e+11 3.79552e+11 3.86132e+11 3.84372e+11 3.84525e+11 7.13554e+11
 320 4.24272e+11 4.25697e+11 4.25266e+11 4.28279e+11 4.19187e+11 4.26594e+11 4.24687e+11 4.24843e+11 7.84536e+11
 340 4.65892e+11 4.67658e+11 4.67224e+11 4.7072e+11 4.6031e+11 4.6859e+11 4.6654e+11 4.66694e+11 8.57633e+11
 360 5.09037e+11 5.11172e+11 5.10735e+11 5.14765e+11 5.0293e+11 5.1211e+11 5.09935e+11 5.10087e+11 9.32647e+11
 380 5.53714e+11 5.56259e+11 5.55821e+11 5.60407e+11 5.47054e+11 5.5716e+11 5.54874e+11 5.5503e+11 1.00975e+12
 400 5.99896e+11 6.02894e+11 6.02454e+11 6.07602e+11 5.92643e+11 6.03709e+11 6.01318e+11 6.0149e+11 1.08917e+12
 400 6.00265e+11 6.0101e+11 6.01887e+11 6.07023e+11 5.92255e+11 6.03821e+11 6.01033e+11 6.01041e+11 1.08871e+12
 800 1.78434e+12 1.80908e+12 1.80378e+12 1.8213e+12 1.76079e+12 1.80416e+12 1.79542e+12 1.79688e+12 3.12414e+12
 1200 3.35997e+12 3.43324e+12 3.4129e+12 3.45229e+12 3.31285e+12 3.41618e+12 3.39377e+12 3.39708e+12 5.84062e+12
 1600 5.22986e+12 5.36658e+12 5.32805e+12 5.38643e+12 5.14535e+12 5.32792e+12 5.28657e+12 5.29521e+12 9.05006e+12
 2000 7.33299e+12 7.54368e+12 7.48728e+12 7.56418e+12 7.19304e+12 7.4691e+12 7.40877e+12 7.42712e+12 1.26478e+13
 2400 9.62397e+12 9.9162e+12 9.83711e+12 9.94248e+12 9.41215e+12 9.78833e+12 9.71432e+12 9.74556e+12 1.65714e+13
 2800 1.20667e+13 1.24463e+13 1.23381e+13 1.24887e+13 1.17715e+13 1.2246e+13 1.21688e+13 1.22147e+13 2.07692e+13
 3200 1.46335e+13 1.51066e+13 1.49775e+13 1.51771e+13 1.42445e+13 1.48198e+13 1.47471e+13 1.48106e+13 2.51856e+13
 3600 1.73017e+13 1.78807e+13 1.7734e+13 1.79855e+13 1.68131e+13 1.7494e+13 1.74308e+13 1.7514e+13 2.97687e+13
 4000 2.00533e+13 2.07488e+13 2.0586e+13 2.08929e+13 1.94542e+13 2.0265e+13 2.0204e+13 2.03075e+13 3.449e+13
 4400 2.2879e+13 2.36959e+13 2.35219e+13 2.38863e+13 2.21489e+13 2.31157e+13 2.30503e+13 2.31764e+13 3.93242e+13
 4800 2.57694e+13 2.67141e+13 2.65308e+13 2.69518e+13 2.48994e+13 2.60286e+13 2.59599e+13 2.61112e+13 4.4258e+13
 5200 2.87184e+13 2.97989e+13 2.95986e+13 3.008e+13 2.76972e+13 2.89979e+13 2.8925e+13 2.91038e+13 4.92877e+13
 5600 3.17181e+13 3.29414e+13 3.27271e+13 3.32701e+13 3.05364e+13 3.20194e+13 3.1942e+13 3.21501e+13 5.43972e+13
 6000 3.47666e+13 3.61334e+13 3.59149e+13 3.65205e+13 3.34154e+13 3.50896e+13 3.50085e+13 3.52471e+13 5.95859e+13
 6400 3.78532e+13 3.93656e+13 3.91604e+13 3.98242e+13 3.63329e+13 3.81978e+13 3.81183e+13 3.83882e+13 6.48329e+13
 6800 4.09691e+13 4.26248e+13 4.24556e+13 4.31745e+13 3.92919e+13 4.13324e+13 4.12663e+13 4.15664e+13 7.01401e+13
 7200 4.41075e+13 4.59059e+13 4.57884e+13 4.65629e+13 4.22914e+13 4.44983e+13 4.44508e+13 4.47774e+13 7.5496e+13
 7600 4.72701e+13 4.92055e+13 4.91634e+13 4.99885e+13 4.53369e+13 4.7691e+13 4.76722e+13 4.80218e+13 8.09001e+13
 8000 5.04572e+13 5.25228e+13 5.25708e+13 5.34498e+13 4.84165e+13 5.09084e+13 5.09249e+13 5.1295e+13 8.63532e+13
 8000 5.06563e+13 5.30446e+13 5.20606e+13 5.41216e+13 4.86078e+13 5.11916e+13 5.1307e+13 5.15524e+13 8.85472e+13
 16000 1.15974e+14 1.1985e+14 1.24323e+14 1.26842e+14 1.12361e+14 1.20115e+14 1.19773e+14 1.19883e+14 2.01251e+14
 24000 1.80905e+14 1.82959e+14 1.96287e+14 1.98295e+14 1.76169e+14 1.87446e+14 1.87304e+14 1.87069e+14 3.14185e+14
 32000 2.43484e+14 2.43276e+14 2.66858e+14 2.72414e+14 2.39434e+14 2.54637e+14 2.55495e+14 2.53779e+14 4.25597e+14
 40000 3.08454e+14 3.02148e+14 3.38236e+14 3.476e+14 3.01973e+14 3.22297e+14 3.23957e+14 3.20886e+14 5.40969e+14
 48000 3.74559e+14 3.62154e+14 4.12657e+14 4.21252e+14 3.66135e+14 3.89072e+14 3.92153e+14 3.88541e+14 6.43349e+14
 56000 4.41801e+14 4.23935e+14 4.89503e+14 4.98991e+14 4.27141e+14 4.55258e+14 4.60464e+14 4.56977e+14 7.45945e+14
 64000 5.06394e+14 4.83312e+14 5.67268e+14 5.76237e+14 4.8954e+14 5.22915e+14 5.29564e+14 5.25335e+14 8.53387e+14
 72000 5.67013e+14 5.39346e+14 6.45482e+14 6.53022e+14 5.55703e+14 5.92551e+14 6.00425e+14 5.93834e+14 9.65524e+14
 80000 6.29009e+14 5.96603e+14 7.23683e+14 7.28872e+14 6.22021e+14 6.58984e+14 6.69959e+14 6.61881e+14 1.07297e+15
 88000 6.90868e+14 6.53505e+14 8.03804e+14 8.00166e+14 6.87054e+14 7.20357e+14 7.35859e+14 7.27939e+14 1.17668e+15
 96000 7.51206e+14 7.13158e+14 8.87763e+14 8.72885e+14 7.50407e+14 7.80124e+14 8.01138e+14 7.943e+14 1.283e+15
 104000 8.12519e+14 7.721e+14 9.72819e+14 9.46088e+14 8.11532e+14 8.39508e+14 8.65709e+14 8.60417e+14 1.39014e+15
 112000 8.75055e+14 8.28565e+14 1.05524e+15 1.01878e+15 8.68408e+14 8.98212e+14 9.28468e+14 9.24929e+14 1.49596e+15
 120000 9.36062e+14 8.84509e+14 1.13709e+15 1.09034e+15 9.20394e+14 9.5789e+14 9.89543e+14 9.88081e+14 1.60298e+15
 128000 9.97632e+14 9.45196e+14 1.22129e+15 1.16093e+15 9.71389e+14 1.02206e+15 1.05146e+15 1.05276e+15 1.71154e+15
 136000 1.0593e+15 1.01095e+15 1.30708e+15 1.23132e+15 1.02493e+15 1.08443e+15 1.11356e+15 1.11845e+15 1.81106e+15
 144000 1.12343e+15 1.07975e+15 1.3956e+15 1.29935e+15 1.08004e+15 1.14422e+15 1.17454e+15 1.18456e+15 1.91061e+15
 152000 1.19142e+15 1.15649e+15 1.48173e+15 1.36679e+15 1.13332e+15 1.20077e+15 1.23363e+15 1.2508e+15 2.00716e+15
 160000 1.258e+15 1.23122e+15 1.56621e+15 1.4369e+15 1.18724e+15 1.25852e+15 1.29422e+15 1.31725e+15 2.09564e+15
 160000 1.40347e+15 1.4009e+15 1.64183e+15 1.59537e+15 1.15742e+15 1.19623e+15 1.31634e+15 1.38263e+15 1.88038e+15
 320000 2.84914e+15 2.72681e+15 3.5111e+15 3.05483e+15 2.32863e+15 2.51097e+15 2.63148e+15 2.79049e+15 4.0602e+15
 480000 4.41876e+15 4.055e+15 5.50169e+15 4.34999e+15 3.41151e+15 3.82418e+15 3.86189e+15 4.18053e+15 6.63792e+15
 640000 6.01912e+15 5.54126e+15 7.79719e+15 5.261e+15 4.2189e+15 4.89002e+15 4.78997e+15 5.45499e+15 9.34168e+15
 800000 7.42639e+15 7.06706e+15 9.91908e+15 6.61801e+15 4.87628e+15 5.60187e+15 5.69872e+15 6.67424e+15 1.19239e+16
 960000 8.69874e+15 8.91668e+15 1.15327e+16 7.95378e+15 5.48014e+15 6.23532e+15 6.55641e+15 7.82027e+15 1.3912e+16
 1.12e+06 9.66363e+15 1.04481e+16 1.28412e+16 9.17595e+15 5.91487e+15 6.60942e+15 7.23341e+15 8.73378e+15 1.66655e+16
 1.28e+06 1.04898e+16 1.18322e+16 1.43886e+16 1.03537e+16 6.39163e+15 7.29602e+15 8.01377e+15 9.703e+15 1.92556e+16
 1.44e+06 1.17046e+16 1.29415e+16 1.64308e+16 1.20454e+16 6.71789e+15 8.36195e+15 9.04176e+15 1.0902e+16 2.26044e+16
 1.6e+06 1.30674e+16 1.36478e+16 1.83783e+16 1.3539e+16 7.51777e+15 9.84453e+15 1.03005e+16 1.21927e+16 2.63104e+16
 1.76e+06 1.44482e+16 1.4428e+16 2.01142e+16 1.44955e+16 8.36788e+15 1.15405e+16 1.1468e+16 1.34128e+16 2.95211e+16
 1.92e+06 1.597e+16 1.54083e+16 2.25202e+16 1.48095e+16 9.36895e+15 1.3449e+16 1.25425e+16 1.47119e+16 3.21527e+16
 2.08e+06 1.68814e+16 1.63312e+16 2.41808e+16 1.54155e+16 9.74258e+15 1.50411e+16 1.33997e+16 1.56923e+16 3.49442e+16
 2.24e+06 1.77789e+16 1.72294e+16 2.56808e+16 1.65712e+16 9.85505e+15 1.62346e+16 1.42203e+16 1.6624e+16 3.78986e+16
 2.4e+06 1.81051e+16 1.76349e+16 2.67491e+16 1.76094e+16 9.2737e+15 1.70443e+16 1.46425e+16 1.71174e+16 4.21571e+16
 2.56e+06 1.80319e+16 1.81667e+16 2.76741e+16 1.88394e+16 8.65255e+15 1.81748e+16 1.52222e+16 1.76497e+16 4.73605e+16
 2.72e+06 1.82163e+16 1.87714e+16 2.80465e+16 1.97679e+16 8.37955e+15 1.93717e+16 1.58397e+16 1.8175e+16 5.17231e+16
 2.88e+06 1.81369e+16 1.92768e+16 2.86131e+16 2.04743e+16 7.93696e+15 2.06887e+16 1.63667e+16 1.86236e+16 5.60874e+16
 3.04e+06 1.79601e+16 1.99235e+16 2.93457e+16 2.18291e+16 8.3858e+15 2.23723e+16 1.75291e+16 1.94813e+16 6.04592e+16
 3.2e+06 1.82837e+16 2.05323e+16 3.00272e+16 2.30616e+16 9.54903e+15 2.40186e+16 1.88764e+16 2.0505e+16 6.31394e+16
 3.2e+06 2.3303e+16 1.07233e+16 1.5988e+16 2.88362e+16 1.83202e+16 1.67523e+16 2.13029e+16 1.94503e+16 5.57694e+16
 6.4e+06 7.00954e+16 2.62996e+16 5.25561e+16 8.8418e+16 3.59432e+16 3.59122e+16 5.34245e+16 5.19148e+16 8.82079e+16
 9.6e+06 6.36829e+16 1.14586e+16 9.35633e+16 1.48455e+17 2.80704e+16 3.04092e+16 6.89783e+16 6.38809e+16 1.66299e+17
 1.28e+07 4.79253e+16 2.84291e+15 7.41132e+16 1.07894e+17 7.46496e+16 4.22842e+14 6.09889e+16 5.32442e+16 6.02767e+16
