#NOTE: MSDs should be divided by the temperature.
#NOTE: MSDs have been divided by 2 or 10 (i.e., the viscosity computed from all components).
#Time	MSD_xx	MSD_yy	MSD_zz	MSD_xy	MSD_xz	MSD_yz	MSD_off	MSD_all	MSD_bulkvisc
 10 1.92405e+09 1.9029e+09 1.83893e+09 1.89059e+09 1.86355e+09 1.80332e+09 1.85248e+09 1.86694e+09 2.19087e+09
 20 6.95313e+09 6.85415e+09 6.61727e+09 6.8056e+09 6.7069e+09 6.47578e+09 6.66276e+09 6.72093e+09 8.29283e+09
 30 1.39897e+10 1.3735e+10 1.32492e+10 1.36199e+10 1.34237e+10 1.2935e+10 1.33262e+10 1.34589e+10 1.74757e+10
 40 2.22711e+10 2.1774e+10 2.0974e+10 2.15514e+10 2.12313e+10 2.04332e+10 2.1072e+10 2.13124e+10 2.90141e+10
 50 3.14239e+10 3.06102e+10 2.94193e+10 3.0226e+10 2.97294e+10 2.86067e+10 2.95207e+10 2.99062e+10 4.23625e+10
 60 4.13415e+10 4.01592e+10 3.84817e+10 3.95491e+10 3.87874e+10 3.73493e+10 3.85619e+10 3.91348e+10 5.71711e+10
 70 5.1957e+10 5.03587e+10 4.80846e+10 4.94476e+10 4.83216e+10 4.65863e+10 4.81185e+10 4.89245e+10 7.32914e+10
 80 6.31521e+10 6.10824e+10 5.80928e+10 5.97779e+10 5.82152e+10 5.61951e+10 5.80627e+10 5.9148e+10 9.07043e+10
 90 7.47756e+10 7.21687e+10 6.8341e+10 7.03383e+10 6.83284e+10 6.60273e+10 6.82313e+10 6.96435e+10 1.09429e+11
 100 8.67308e+10 8.35174e+10 7.87288e+10 8.09899e+10 7.85755e+10 7.59945e+10 7.852e+10 8.03089e+10 1.29461e+11
 110 9.90433e+10 9.51643e+10 8.92809e+10 9.17601e+10 8.90009e+10 8.61375e+10 8.89662e+10 9.11782e+10 1.50727e+11
 120 1.11847e+11 1.07259e+11 1.00134e+11 1.02826e+11 9.97697e+10 9.6613e+10 9.97364e+10 1.02407e+11 1.73074e+11
 130 1.25312e+11 1.19972e+11 1.11455e+11 1.14396e+11 1.11077e+11 1.07607e+11 1.11027e+11 1.14181e+11 1.96293e+11
 140 1.39553e+11 1.3341e+11 1.23351e+11 1.26597e+11 1.23052e+11 1.19239e+11 1.22963e+11 1.26619e+11 2.20176e+11
 150 1.54598e+11 1.47593e+11 1.35842e+11 1.39465e+11 1.35721e+11 1.3154e+11 1.35575e+11 1.3975e+11 2.44573e+11
 160 1.70412e+11 1.6249e+11 1.48895e+11 1.52967e+11 1.49042e+11 1.4448e+11 1.48829e+11 1.53537e+11 2.69415e+11
 170 1.86929e+11 1.78055e+11 1.62456e+11 1.67053e+11 1.62954e+11 1.57998e+11 1.62668e+11 1.67926e+11 2.94709e+11
 180 2.04093e+11 1.94261e+11 1.76492e+11 1.81687e+11 1.77417e+11 1.72034e+11 1.77046e+11 1.82874e+11 3.20512e+11
 190 2.21865e+11 2.11093e+11 1.90989e+11 1.96862e+11 1.92408e+11 1.86559e+11 1.91943e+11 1.98359e+11 3.46901e+11
 200 2.40222e+11 2.28538e+11 2.05942e+11 2.12583e+11 2.07904e+11 2.01563e+11 2.0735e+11 2.1437e+11 3.73917e+11
 200 2.42857e+11 2.31975e+11 2.07669e+11 2.12467e+11 2.08187e+11 2.01624e+11 2.07426e+11 2.15456e+11 3.73923e+11
 400 7.2481e+11 6.91337e+11 5.86074e+11 6.15695e+11 6.13417e+11 5.84003e+11 6.04372e+11 6.29586e+11 1.01099e+12
 600 1.38501e+12 1.33274e+12 1.08937e+12 1.17205e+12 1.16071e+12 1.09925e+12 1.14401e+12 1.19402e+12 1.83181e+12
 800 2.19324e+12 2.13151e+12 1.68736e+12 1.84538e+12 1.81777e+12 1.72995e+12 1.7977e+12 1.88024e+12 2.80759e+12
 1000 3.12084e+12 3.07403e+12 2.36329e+12 2.61482e+12 2.57088e+12 2.4484e+12 2.5447e+12 2.66791e+12 3.89491e+12
 1200 4.13341e+12 4.13851e+12 3.10893e+12 3.46174e+12 3.39504e+12 3.24495e+12 3.36724e+12 3.53779e+12 5.07249e+12
 1400 5.22676e+12 5.31179e+12 3.90879e+12 4.38595e+12 4.28339e+12 4.1133e+12 4.26088e+12 4.48284e+12 6.33618e+12
 1600 6.39213e+12 6.57657e+12 4.75346e+12 5.38676e+12 5.22851e+12 5.04477e+12 5.22001e+12 5.49496e+12 7.65751e+12
 1800 7.62479e+12 7.924e+12 5.63949e+12 6.44995e+12 6.23383e+12 6.03595e+12 6.23991e+12 6.56905e+12 9.03269e+12
 2000 8.9102e+12 9.34402e+12 6.57486e+12 7.5727e+12 7.28982e+12 7.08167e+12 7.31473e+12 7.69938e+12 1.0474e+13
 2200 1.02441e+13 1.08186e+13 7.55573e+12 8.751e+12 8.38572e+12 8.18403e+12 8.44025e+12 8.87995e+12 1.19589e+13
 2400 1.1625e+13 1.23472e+13 8.57195e+12 9.98021e+12 9.5046e+12 9.34036e+12 9.60839e+12 1.01042e+13 1.34781e+13
 2600 1.30494e+13 1.3928e+13 9.61915e+12 1.12674e+13 1.06423e+13 1.05482e+13 1.08193e+13 1.13711e+13 1.50186e+13
 2800 1.4518e+13 1.55608e+13 1.07069e+13 1.2607e+13 1.18041e+13 1.17984e+13 1.20698e+13 1.268e+13 1.66018e+13
 3000 1.6027e+13 1.72459e+13 1.18179e+13 1.40038e+13 1.29763e+13 1.30883e+13 1.33562e+13 1.40258e+13 1.82055e+13
 3200 1.75802e+13 1.89785e+13 1.29498e+13 1.54602e+13 1.41595e+13 1.4415e+13 1.46782e+13 1.54081e+13 1.98365e+13
 3400 1.91701e+13 2.07494e+13 1.41047e+13 1.69728e+13 1.53521e+13 1.57787e+13 1.60345e+13 1.68239e+13 2.1497e+13
 3600 2.07836e+13 2.2556e+13 1.52707e+13 1.85308e+13 1.65509e+13 1.71655e+13 1.74158e+13 1.82642e+13 2.31742e+13
 3800 2.24094e+13 2.44006e+13 1.64495e+13 2.0139e+13 1.77563e+13 1.85813e+13 1.88255e+13 1.97299e+13 2.48711e+13
 4000 2.40459e+13 2.62711e+13 1.76383e+13 2.17929e+13 1.89588e+13 2.00277e+13 2.02598e+13 2.12166e+13 2.65848e+13
 4000 2.20979e+13 2.52751e+13 1.61725e+13 2.08451e+13 1.87101e+13 2.00026e+13 1.98526e+13 2.03843e+13 2.64647e+13
 8000 5.39795e+13 6.42737e+13 4.06161e+13 6.09795e+13 4.20292e+13 5.32031e+13 5.20706e+13 5.24249e+13 5.79682e+13
 12000 8.10452e+13 1.06427e+14 6.81084e+13 1.09213e+14 6.4645e+13 9.00893e+13 8.79825e+13 8.68669e+13 8.29953e+13
 16000 1.01637e+14 1.46203e+14 8.83941e+13 1.5593e+14 8.87633e+13 1.22937e+14 1.22544e+14 1.18357e+14 1.08334e+14
 20000 1.2167e+14 1.87502e+14 1.09366e+14 2.02203e+14 1.08414e+14 1.56202e+14 1.55606e+14 1.49169e+14 1.39036e+14
 24000 1.42707e+14 2.18543e+14 1.31996e+14 2.4756e+14 1.26495e+14 1.93006e+14 1.8902e+14 1.79178e+14 1.67061e+14
 28000 1.58198e+14 2.40535e+14 1.56865e+14 2.93938e+14 1.44723e+14 2.37888e+14 2.25516e+14 2.09389e+14 1.98039e+14
 32000 1.69588e+14 2.48982e+14 1.80368e+14 3.37933e+14 1.59064e+14 2.8596e+14 2.60986e+14 2.3645e+14 2.23705e+14
 36000 1.80788e+14 2.56085e+14 2.01677e+14 3.77607e+14 1.71656e+14 3.3302e+14 2.94094e+14 2.61597e+14 2.47327e+14
 40000 1.9264e+14 2.71623e+14 2.20887e+14 4.14245e+14 1.87746e+14 3.73719e+14 3.25237e+14 2.86495e+14 2.691e+14
 44000 2.06113e+14 2.88568e+14 2.44099e+14 4.52221e+14 2.00633e+14 4.10095e+14 3.54316e+14 3.11094e+14 2.88397e+14
 48000 2.17661e+14 3.01662e+14 2.71489e+14 4.92476e+14 2.15623e+14 4.49723e+14 3.8594e+14 3.37006e+14 2.97007e+14
 52000 2.33355e+14 3.21122e+14 3.03817e+14 5.32904e+14 2.31329e+14 4.99192e+14 4.21142e+14 3.67124e+14 3.11597e+14
 56000 2.46291e+14 3.40724e+14 3.37993e+14 5.71679e+14 2.49283e+14 5.53848e+14 4.5827e+14 3.98297e+14 3.31448e+14
 60000 2.51832e+14 3.51849e+14 3.65029e+14 6.09315e+14 2.72693e+14 6.13388e+14 4.98465e+14 4.2824e+14 3.5454e+14
 64000 2.5702e+14 3.62609e+14 3.87315e+14 6.46051e+14 2.9689e+14 6.70247e+14 5.37729e+14 4.56897e+14 3.80177e+14
 68000 2.57806e+14 3.62734e+14 4.09605e+14 6.8399e+14 3.23238e+14 7.26565e+14 5.77931e+14 4.84111e+14 4.06075e+14
 72000 2.63797e+14 3.61584e+14 4.27766e+14 7.21211e+14 3.59091e+14 7.83714e+14 6.21339e+14 5.13223e+14 4.2598e+14
 76000 2.73664e+14 3.61904e+14 4.42847e+14 7.57032e+14 4.00302e+14 8.41019e+14 6.66118e+14 5.43459e+14 4.50482e+14
 80000 2.86732e+14 3.60418e+14 4.4446e+14 7.94506e+14 4.43241e+14 9.00883e+14 7.12877e+14 5.73274e+14 4.76905e+14
 80000 1.47344e+14 3.28596e+14 1.37984e+14 8.65467e+14 5.0231e+14 1.18514e+15 8.50972e+14 5.9244e+14 3.60254e+14
 160000 2.51167e+14 2.16529e+14 8.10593e+13 1.35837e+15 1.56581e+15 2.13761e+15 1.68726e+15 1.08552e+15 4.4149e+14
 240000 1.44289e+14 2.07565e+14 8.26783e+13 3.73688e+15 3.3064e+15 3.48772e+15 3.51033e+15 2.16414e+15 7.72796e+13
 320000 1.86899e+14 3.56364e+14 1.79082e+14 4.80873e+15 5.15846e+15 6.2351e+15 5.40076e+15 3.33677e+15 5.69134e+14
 400000 5.87068e+14 5.10057e+14 1.82822e+14 6.50625e+15 6.68588e+15 6.80579e+15 6.66597e+15 4.17024e+15 6.25453e+14
 480000 1.04496e+15 9.90492e+14 7.28785e+11 5.22052e+15 5.43798e+15 8.0025e+15 6.22034e+15 4.00369e+15 1.67514e+14
