#NOTE: MSDs should be divided by the temperature.
#NOTE: MSDs have been divided by 2 or 10 (i.e., the viscosity computed from all components).
#Time	MSD_xx	MSD_yy	MSD_zz	MSD_xy	MSD_xz	MSD_yz	MSD_off	MSD_all	MSD_bulkvisc
 20 6.75734e+09 6.7448e+09 6.738e+09 6.74078e+09 6.68981e+09 6.71211e+09 6.71423e+09 6.72723e+09 8.54359e+09
 40 2.12709e+10 2.12406e+10 2.11817e+10 2.12234e+10 2.10239e+10 2.11051e+10 2.11175e+10 2.11629e+10 2.99314e+10
 60 3.89149e+10 3.89023e+10 3.87e+10 3.88111e+10 3.84144e+10 3.85966e+10 3.86073e+10 3.87e+10 5.92112e+10
 80 5.86589e+10 5.86928e+10 5.8261e+10 5.84492e+10 5.783e+10 5.81647e+10 5.8148e+10 5.83038e+10 9.43316e+10
 100 7.94557e+10 7.9547e+10 7.8829e+10 7.90846e+10 7.82131e+10 7.87482e+10 7.8682e+10 7.89201e+10 1.35213e+11
 120 1.01102e+11 1.01269e+11 1.00203e+11 1.00495e+11 9.93453e+10 1.00137e+11 9.99922e+10 1.00339e+11 1.81514e+11
 140 1.24815e+11 1.25064e+11 1.23597e+11 1.23895e+11 1.22432e+11 1.23535e+11 1.23287e+11 1.23769e+11 2.3179e+11
 160 1.51174e+11 1.51507e+11 1.49583e+11 1.49892e+11 1.48048e+11 1.49507e+11 1.49149e+11 1.49791e+11 2.84688e+11
 180 1.79834e+11 1.80256e+11 1.77823e+11 1.78178e+11 1.75856e+11 1.77729e+11 1.77254e+11 1.78074e+11 3.40015e+11
 200 2.10547e+11 2.11053e+11 2.08045e+11 2.08493e+11 2.05629e+11 2.0796e+11 2.07361e+11 2.08369e+11 3.98301e+11
 220 2.43215e+11 2.43792e+11 2.40155e+11 2.40714e+11 2.37266e+11 2.40072e+11 2.39351e+11 2.40565e+11 4.59622e+11
 240 2.77706e+11 2.7834e+11 2.74036e+11 2.74708e+11 2.70606e+11 2.73934e+11 2.73083e+11 2.74527e+11 5.23348e+11
 260 3.1396e+11 3.14668e+11 3.09642e+11 3.10406e+11 3.05596e+11 3.09506e+11 3.08503e+11 3.10204e+11 5.88985e+11
 280 3.51954e+11 3.52762e+11 3.46978e+11 3.47788e+11 3.42238e+11 3.46751e+11 3.45592e+11 3.47581e+11 6.56698e+11
 300 3.91629e+11 3.92549e+11 3.85998e+11 3.86797e+11 3.8048e+11 3.85596e+11 3.84291e+11 3.86598e+11 7.26919e+11
 320 4.32901e+11 4.33969e+11 4.26626e+11 4.27379e+11 4.20274e+11 4.26e+11 4.24551e+11 4.27197e+11 7.99705e+11
 340 4.75729e+11 4.76996e+11 4.68828e+11 4.69513e+11 4.61591e+11 4.67933e+11 4.66346e+11 4.69348e+11 8.74735e+11
 360 5.20133e+11 5.21656e+11 5.126e+11 5.13206e+11 5.04427e+11 5.11396e+11 5.09676e+11 5.13058e+11 9.51809e+11
 380 5.66141e+11 5.6795e+11 5.57924e+11 5.58446e+11 5.48779e+11 5.56408e+11 5.54544e+11 5.58329e+11 1.03106e+12
 400 6.13715e+11 6.15833e+11 6.0475e+11 6.05181e+11 5.94612e+11 6.02955e+11 6.00916e+11 6.05123e+11 1.11271e+12
 400 6.139e+11 6.1623e+11 6.06608e+11 6.05384e+11 5.95264e+11 6.02238e+11 6.00962e+11 6.05475e+11 1.11314e+12
 800 1.84461e+12 1.85454e+12 1.81012e+12 1.80205e+12 1.77466e+12 1.7983e+12 1.79167e+12 1.80957e+12 3.20795e+12
 1200 3.49822e+12 3.5133e+12 3.41994e+12 3.39268e+12 3.3504e+12 3.39125e+12 3.37811e+12 3.41773e+12 5.98951e+12
 1600 5.46614e+12 5.48163e+12 5.33552e+12 5.26166e+12 5.22634e+12 5.27633e+12 5.25478e+12 5.32397e+12 9.28988e+12
 2000 7.68439e+12 7.69524e+12 7.48566e+12 7.3473e+12 7.33387e+12 7.38793e+12 7.35637e+12 7.46253e+12 1.29949e+13
 2400 1.00971e+13 1.01077e+13 9.82528e+12 9.59194e+12 9.62638e+12 9.66901e+12 9.62911e+12 9.78147e+12 1.70147e+13
 2800 1.26684e+13 1.26814e+13 1.23176e+13 1.19627e+13 1.20684e+13 1.2081e+13 1.20373e+13 1.22447e+13 2.12891e+13
 3200 1.5375e+13 1.53897e+13 1.49356e+13 1.44386e+13 1.46326e+13 1.45942e+13 1.45551e+13 1.48265e+13 2.57911e+13
 3600 1.8199e+13 1.82177e+13 1.76503e+13 1.69958e+13 1.73024e+13 1.71906e+13 1.71629e+13 1.75067e+13 3.0468e+13
 4000 2.11287e+13 2.11432e+13 2.04468e+13 1.96243e+13 2.00534e+13 1.98617e+13 1.98465e+13 2.02704e+13 3.5295e+13
 4400 2.4148e+13 2.41573e+13 2.33109e+13 2.23249e+13 2.28754e+13 2.25971e+13 2.25991e+13 2.31083e+13 4.02286e+13
 4800 2.72467e+13 2.72571e+13 2.62376e+13 2.50868e+13 2.57584e+13 2.53833e+13 2.54095e+13 2.60112e+13 4.52726e+13
 5200 3.04123e+13 3.04317e+13 2.92207e+13 2.78941e+13 2.86973e+13 2.8217e+13 2.82694e+13 2.89703e+13 5.04032e+13
 5600 3.36303e+13 3.36607e+13 3.22599e+13 3.07413e+13 3.16818e+13 3.10893e+13 3.11708e+13 3.19759e+13 5.55977e+13
 6000 3.6892e+13 3.69385e+13 3.53448e+13 3.36184e+13 3.47076e+13 3.39951e+13 3.4107e+13 3.50209e+13 6.08482e+13
 6400 4.01834e+13 4.02559e+13 3.84638e+13 3.65277e+13 3.77803e+13 3.69312e+13 3.70797e+13 3.81016e+13 6.61365e+13
 6800 4.35057e+13 4.36086e+13 4.16122e+13 3.94609e+13 4.08856e+13 3.98989e+13 4.00818e+13 4.12126e+13 7.14599e+13
 7200 4.686e+13 4.6995e+13 4.47782e+13 4.24206e+13 4.40275e+13 4.28998e+13 4.3116e+13 4.4354e+13 7.68241e+13
 7600 5.02509e+13 5.04107e+13 4.79592e+13 4.54041e+13 4.72032e+13 4.59282e+13 4.61785e+13 4.75232e+13 8.22232e+13
 8000 5.36781e+13 5.38492e+13 5.11554e+13 4.84103e+13 5.03987e+13 4.8981e+13 4.92634e+13 5.07157e+13 8.76389e+13
 8000 5.41225e+13 5.45618e+13 5.21035e+13 4.71267e+13 5.10796e+13 4.91717e+13 4.9126e+13 5.0914e+13 8.74435e+13
 16000 1.26261e+14 1.25854e+14 1.16287e+14 1.10247e+14 1.17829e+14 1.13377e+14 1.13818e+14 1.17411e+14 1.97573e+14
 24000 2.06349e+14 1.95314e+14 1.82265e+14 1.75497e+14 1.86609e+14 1.82446e+14 1.81517e+14 1.86767e+14 3.1256e+14
 32000 2.89537e+14 2.60908e+14 2.46717e+14 2.40553e+14 2.56447e+14 2.57439e+14 2.5148e+14 2.57176e+14 4.31234e+14
 40000 3.75233e+14 3.26651e+14 3.12621e+14 3.062e+14 3.30265e+14 3.36527e+14 3.24331e+14 3.29866e+14 5.49765e+14
 48000 4.61559e+14 3.90454e+14 3.81517e+14 3.70308e+14 4.05781e+14 4.16021e+14 3.9737e+14 4.02893e+14 6.65725e+14
 56000 5.46125e+14 4.54711e+14 4.55973e+14 4.36037e+14 4.84251e+14 4.98725e+14 4.73004e+14 4.78044e+14 7.75927e+14
 64000 6.32775e+14 5.19946e+14 5.32677e+14 5.02825e+14 5.66848e+14 5.83362e+14 5.51012e+14 5.55327e+14 8.89152e+14
 72000 7.23556e+14 5.86858e+14 6.10153e+14 5.67744e+14 6.54102e+14 6.66245e+14 6.29364e+14 6.33694e+14 1.00994e+15
 80000 8.16519e+14 6.47133e+14 6.86285e+14 6.30029e+14 7.40052e+14 7.47692e+14 7.05924e+14 7.10213e+14 1.13619e+15
 88000 9.07102e+14 7.04366e+14 7.60775e+14 6.95063e+14 8.26372e+14 8.27686e+14 7.8304e+14 7.86123e+14 1.26542e+15
 96000 9.98699e+14 7.6446e+14 8.33911e+14 7.64377e+14 9.14066e+14 9.09155e+14 8.62533e+14 8.63796e+14 1.39719e+15
 104000 1.09182e+15 8.26161e+14 9.06522e+14 8.40041e+14 1.00213e+15 9.8844e+14 9.43536e+14 9.42723e+14 1.5235e+15
 112000 1.18469e+15 8.89254e+14 9.73875e+14 9.17594e+14 1.08632e+15 1.0691e+15 1.02434e+15 1.02098e+15 1.65054e+15
 120000 1.27657e+15 9.51908e+14 1.03565e+15 9.93195e+14 1.1703e+15 1.14729e+15 1.10359e+15 1.09737e+15 1.77752e+15
 128000 1.36938e+15 1.01629e+15 1.09904e+15 1.06862e+15 1.25525e+15 1.22611e+15 1.18333e+15 1.17462e+15 1.90792e+15
 136000 1.4656e+15 1.08231e+15 1.1653e+15 1.14331e+15 1.34713e+15 1.30133e+15 1.26392e+15 1.25345e+15 2.04491e+15
 144000 1.56337e+15 1.14771e+15 1.23212e+15 1.21815e+15 1.44454e+15 1.37454e+15 1.34574e+15 1.33321e+15 2.1817e+15
 152000 1.66525e+15 1.2165e+15 1.29993e+15 1.29362e+15 1.54357e+15 1.44771e+15 1.4283e+15 1.41454e+15 2.31751e+15
 160000 1.76912e+15 1.28393e+15 1.36339e+15 1.37012e+15 1.6398e+15 1.51649e+15 1.5088e+15 1.49414e+15 2.4539e+15
 160000 1.78401e+15 1.13835e+15 1.27772e+15 1.51219e+15 1.89102e+15 1.57556e+15 1.65959e+15 1.55576e+15 2.35269e+15
 320000 4.05205e+15 2.52087e+15 2.58248e+15 3.27123e+15 4.43052e+15 3.11439e+15 3.60538e+15 3.38395e+15 5.30201e+15
 480000 6.04031e+15 3.58597e+15 3.9204e+15 5.21543e+15 7.17918e+15 4.75591e+15 5.71684e+15 5.23633e+15 8.2028e+15
 640000 7.92206e+15 4.60717e+15 5.47794e+15 7.27855e+15 9.78105e+15 6.79614e+15 7.95191e+15 7.1721e+15 1.10237e+16
 800000 9.7695e+15 5.63011e+15 6.8129e+15 9.30931e+15 1.28386e+16 8.43979e+15 1.01959e+16 9.07921e+15 1.36551e+16
 960000 1.17879e+16 6.86358e+15 7.77193e+15 1.13218e+16 1.65886e+16 1.05112e+16 1.28072e+16 1.12074e+16 1.51497e+16
 1.12e+06 1.39298e+16 8.30028e+15 8.9314e+15 1.30804e+16 2.09376e+16 1.2591e+16 1.55363e+16 1.34767e+16 1.70692e+16
 1.28e+06 1.53897e+16 9.40504e+15 1.00165e+16 1.42093e+16 2.4961e+16 1.3944e+16 1.77047e+16 1.52643e+16 1.91321e+16
 1.44e+06 1.63375e+16 1.03423e+16 1.05409e+16 1.52379e+16 2.89975e+16 1.48515e+16 1.96956e+16 1.67801e+16 2.11701e+16
 1.6e+06 1.72462e+16 1.10396e+16 1.09809e+16 1.59362e+16 3.25482e+16 1.57468e+16 2.14104e+16 1.80818e+16 2.32324e+16
 1.76e+06 1.80842e+16 1.16616e+16 1.13172e+16 1.62795e+16 3.59684e+16 1.68977e+16 2.30485e+16 1.93042e+16 2.55244e+16
 1.92e+06 1.86559e+16 1.19114e+16 1.21736e+16 1.61728e+16 3.88577e+16 1.80054e+16 2.43453e+16 2.0306e+16 2.75467e+16
 2.08e+06 1.87359e+16 1.17702e+16 1.29214e+16 1.55424e+16 4.1351e+16 1.87732e+16 2.52222e+16 2.09236e+16 2.95413e+16
 2.24e+06 1.82472e+16 1.14313e+16 1.30651e+16 1.51553e+16 4.44499e+16 1.97888e+16 2.64646e+16 2.15779e+16 3.11362e+16
 2.4e+06 1.8758e+16 1.12216e+16 1.35038e+16 1.44663e+16 4.77709e+16 2.0635e+16 2.76241e+16 2.23722e+16 3.31043e+16
 2.56e+06 1.96827e+16 1.07713e+16 1.3721e+16 1.39874e+16 5.04218e+16 2.20278e+16 2.88123e+16 2.31774e+16 3.44937e+16
 2.72e+06 1.98322e+16 9.75478e+15 1.3466e+16 1.42393e+16 5.18545e+16 2.32152e+16 2.97697e+16 2.36022e+16 3.58781e+16
 2.88e+06 1.97287e+16 9.30505e+15 1.385e+16 1.55951e+16 5.26513e+16 2.41425e+16 3.07963e+16 2.41956e+16 3.71609e+16
 3.04e+06 1.97406e+16 9.44681e+15 1.43115e+16 1.75343e+16 5.28608e+16 2.50666e+16 3.18206e+16 2.48922e+16 3.83538e+16
 3.2e+06 1.94355e+16 9.5524e+15 1.45828e+16 1.95821e+16 5.30086e+16 2.62416e+16 3.29441e+16 2.55759e+16 3.99395e+16
 3.2e+06 1.65114e+16 3.76852e+15 1.52542e+16 2.7441e+16 3.59125e+16 1.6518e+16 2.66238e+16 2.07122e+16 5.81315e+16
 6.4e+06 2.73064e+16 1.28486e+16 1.39078e+16 8.20595e+16 1.28719e+17 3.10881e+16 8.06221e+16 5.55816e+16 3.72132e+16
 9.6e+06 1.58638e+16 2.80781e+16 2.01551e+15 1.13385e+17 2.83987e+17 1.93363e+16 1.38902e+17 8.94691e+16 8.28568e+16
 1.28e+07 5.47507e+16 3.93257e+16 1.27318e+15 7.88713e+16 5.50668e+17 3.82441e+16 2.22594e+17 1.4627e+17 7.94553e+14
