#NOTE: MSDs should be divided by the temperature.
#NOTE: MSDs have been divided by 2 or 10 (i.e., the viscosity computed from all components).
#Time	MSD_xx	MSD_yy	MSD_zz	MSD_xy	MSD_xz	MSD_yz	MSD_off	MSD_all	MSD_bulkvisc
 10 1.84328e+09 1.85585e+09 1.85823e+09 1.85075e+09 1.84715e+09 1.83975e+09 1.84588e+09 1.84851e+09 2.22054e+09
 20 6.6276e+09 6.6773e+09 6.68513e+09 6.65306e+09 6.64512e+09 6.60839e+09 6.63552e+09 6.64665e+09 8.41359e+09
 30 1.32572e+10 1.33631e+10 1.33793e+10 1.33018e+10 1.32992e+10 1.32015e+10 1.32675e+10 1.32938e+10 1.77625e+10
 40 2.0973e+10 2.11501e+10 2.11749e+10 2.10318e+10 2.10494e+10 2.08525e+10 2.09779e+10 2.10265e+10 2.95637e+10
 50 2.94093e+10 2.96683e+10 2.96951e+10 2.94722e+10 2.95222e+10 2.91848e+10 2.93931e+10 2.94722e+10 4.32854e+10
 60 3.84696e+10 3.88137e+10 3.8832e+10 3.85178e+10 3.86074e+10 3.80879e+10 3.84043e+10 3.85246e+10 5.85791e+10
 70 4.80881e+10 4.85139e+10 4.85156e+10 4.80885e+10 4.82268e+10 4.7485e+10 4.79335e+10 4.81091e+10 7.5291e+10
 80 5.81431e+10 5.86454e+10 5.863e+10 5.80503e+10 5.82558e+10 5.72564e+10 5.78542e+10 5.81016e+10 9.3398e+10
 90 6.84749e+10 6.9045e+10 6.90204e+10 6.82364e+10 6.85414e+10 6.72524e+10 6.80101e+10 6.83447e+10 1.12918e+11
 100 7.89781e+10 7.96017e+10 7.95841e+10 7.85421e+10 7.89894e+10 7.73804e+10 7.8304e+10 7.87376e+10 1.33842e+11
 110 8.96838e+10 9.03426e+10 9.03546e+10 8.90035e+10 8.96397e+10 8.76845e+10 8.87759e+10 8.93163e+10 1.56089e+11
 120 1.00751e+11 1.01427e+11 1.01497e+11 9.9783e+10 1.0065e+11 9.83319e+10 9.95883e+10 1.00243e+11 1.79496e+11
 130 1.12367e+11 1.13045e+11 1.13205e+11 1.11075e+11 1.12206e+11 1.09514e+11 1.10932e+11 1.11708e+11 2.03847e+11
 140 1.24645e+11 1.25318e+11 1.25599e+11 1.23003e+11 1.24426e+11 1.21348e+11 1.22926e+11 1.2383e+11 2.2893e+11
 150 1.37605e+11 1.38267e+11 1.38693e+11 1.35582e+11 1.37328e+11 1.33848e+11 1.35586e+11 1.36627e+11 2.54595e+11
 160 1.51198e+11 1.51842e+11 1.52434e+11 1.48763e+11 1.50866e+11 1.4696e+11 1.48863e+11 1.50048e+11 2.80777e+11
 170 1.65364e+11 1.65976e+11 1.66751e+11 1.62485e+11 1.64982e+11 1.6061e+11 1.62692e+11 1.64028e+11 3.07491e+11
 180 1.80066e+11 1.80626e+11 1.81597e+11 1.76701e+11 1.7964e+11 1.74741e+11 1.77028e+11 1.78522e+11 3.348e+11
 190 1.95293e+11 1.95779e+11 1.96952e+11 1.91391e+11 1.94829e+11 1.89328e+11 1.91849e+11 1.93513e+11 3.62778e+11
 200 2.11049e+11 2.1143e+11 2.12812e+11 2.06542e+11 2.10539e+11 2.04359e+11 2.07147e+11 2.08994e+11 3.91464e+11
 200 2.12452e+11 2.11911e+11 2.14291e+11 2.06396e+11 2.11453e+11 2.03742e+11 2.07197e+11 2.09472e+11 3.91769e+11
 400 6.28299e+11 6.15454e+11 6.24828e+11 5.93969e+11 6.17855e+11 5.86273e+11 5.99366e+11 6.08764e+11 1.08075e+12
 600 1.20526e+12 1.16866e+12 1.18404e+12 1.11965e+12 1.18398e+12 1.11225e+12 1.13863e+12 1.15757e+12 1.98218e+12
 800 1.9115e+12 1.84377e+12 1.86817e+12 1.76006e+12 1.87768e+12 1.75064e+12 1.79613e+12 1.82747e+12 3.07402e+12
 1000 2.72846e+12 2.62047e+12 2.65588e+12 2.49581e+12 2.67566e+12 2.48357e+12 2.55168e+12 2.59831e+12 4.32335e+12
 1200 3.64066e+12 3.48284e+12 3.5312e+12 3.30807e+12 3.55866e+12 3.2935e+12 3.38675e+12 3.45267e+12 5.70458e+12
 1400 4.64168e+12 4.42865e+12 4.4816e+12 4.19274e+12 4.51472e+12 4.17149e+12 4.29298e+12 4.38272e+12 7.21168e+12
 1600 5.71652e+12 5.44983e+12 5.49778e+12 5.13443e+12 5.53243e+12 5.11243e+12 5.25976e+12 5.37774e+12 8.8248e+12
 1800 6.86009e+12 6.54198e+12 6.57704e+12 6.13221e+12 6.59922e+12 6.11007e+12 6.2805e+12 6.43218e+12 1.05189e+13
 2000 8.06251e+12 7.6923e+12 7.71371e+12 7.17972e+12 7.71601e+12 7.16003e+12 7.35192e+12 7.54029e+12 1.22897e+13
 2200 9.30699e+12 8.89316e+12 8.88798e+12 8.27691e+12 8.87554e+12 8.25995e+12 8.4708e+12 8.69423e+12 1.41353e+13
 2400 1.05935e+13 1.01455e+13 1.00998e+13 9.41643e+12 1.00723e+13 9.40584e+12 9.63151e+12 9.89074e+12 1.60456e+13
 2600 1.19079e+13 1.14394e+13 1.13384e+13 1.05913e+13 1.13012e+13 1.05882e+13 1.08269e+13 1.11209e+13 1.80099e+13
 2800 1.32507e+13 1.27744e+13 1.26053e+13 1.18081e+13 1.25586e+13 1.18049e+13 1.20572e+13 1.2385e+13 2.00335e+13
 3000 1.46163e+13 1.41447e+13 1.38926e+13 1.3053e+13 1.38447e+13 1.30527e+13 1.33168e+13 1.36772e+13 2.21052e+13
 3200 1.59989e+13 1.55432e+13 1.51982e+13 1.43227e+13 1.51563e+13 1.43255e+13 1.46015e+13 1.49929e+13 2.42292e+13
 3400 1.73965e+13 1.69736e+13 1.65198e+13 1.56184e+13 1.64899e+13 1.56196e+13 1.59093e+13 1.63309e+13 2.63859e+13
 3600 1.88071e+13 1.84325e+13 1.78556e+13 1.69337e+13 1.78437e+13 1.69281e+13 1.72352e+13 1.76871e+13 2.85851e+13
 3800 2.02292e+13 1.99153e+13 1.92027e+13 1.82697e+13 1.92174e+13 1.82566e+13 1.85812e+13 1.90617e+13 3.0816e+13
 4000 2.16631e+13 2.1421e+13 2.05535e+13 1.96254e+13 2.06173e+13 1.96068e+13 1.99498e+13 2.04549e+13 3.30676e+13
 4000 2.20169e+13 2.10466e+13 2.02901e+13 1.93072e+13 2.03874e+13 1.97261e+13 1.98069e+13 2.03313e+13 3.18387e+13
 8000 5.47242e+13 5.48777e+13 4.93458e+13 4.81522e+13 5.21151e+13 4.93922e+13 4.98865e+13 5.11249e+13 8.18396e+13
 12000 9.21244e+13 9.17515e+13 7.90799e+13 7.99658e+13 8.94675e+13 7.96038e+13 8.30124e+13 8.48682e+13 1.36994e+14
 16000 1.33666e+14 1.30559e+14 1.08805e+14 1.15388e+14 1.28591e+14 1.11234e+14 1.18404e+14 1.2078e+14 1.90959e+14
 20000 1.78122e+14 1.72293e+14 1.40784e+14 1.5355e+14 1.70806e+14 1.43524e+14 1.5596e+14 1.59069e+14 2.48493e+14
 24000 2.23908e+14 2.13977e+14 1.73782e+14 1.91639e+14 2.12891e+14 1.76985e+14 1.93838e+14 1.97859e+14 3.07599e+14
 28000 2.72614e+14 2.54004e+14 2.10744e+14 2.29602e+14 2.59743e+14 2.08675e+14 2.32674e+14 2.37919e+14 3.64759e+14
 32000 3.22188e+14 2.90846e+14 2.48367e+14 2.66029e+14 3.09289e+14 2.38115e+14 2.71144e+14 2.7754e+14 4.19335e+14
 36000 3.73081e+14 3.23063e+14 2.84543e+14 3.02126e+14 3.61197e+14 2.66874e+14 3.10066e+14 3.16798e+14 4.72472e+14
 40000 4.25286e+14 3.50564e+14 3.18843e+14 3.38505e+14 4.13841e+14 2.98475e+14 3.50273e+14 3.56123e+14 5.25974e+14
 44000 4.75518e+14 3.71746e+14 3.55478e+14 3.7582e+14 4.6912e+14 3.33828e+14 3.92923e+14 3.96119e+14 5.7281e+14
 48000 5.24898e+14 3.92074e+14 3.96244e+14 4.12732e+14 5.26108e+14 3.68701e+14 4.35847e+14 4.36604e+14 6.14016e+14
 52000 5.71285e+14 4.1228e+14 4.39884e+14 4.45205e+14 5.84248e+14 4.01409e+14 4.76954e+14 4.75966e+14 6.56661e+14
 56000 6.15381e+14 4.28504e+14 4.8361e+14 4.76682e+14 6.42909e+14 4.33335e+14 5.17642e+14 5.14251e+14 7.0915e+14
 60000 6.62228e+14 4.40543e+14 5.29647e+14 5.07974e+14 7.00022e+14 4.63589e+14 5.57195e+14 5.51973e+14 7.58691e+14
 64000 7.13327e+14 4.50868e+14 5.80487e+14 5.36062e+14 7.56023e+14 4.90743e+14 5.94276e+14 5.8919e+14 8.056e+14
 68000 7.66491e+14 4.637e+14 6.33831e+14 5.61644e+14 8.10563e+14 5.15037e+14 6.29081e+14 6.25985e+14 8.41917e+14
 72000 8.18894e+14 4.76092e+14 6.86518e+14 5.83421e+14 8.6645e+14 5.3908e+14 6.62984e+14 6.61991e+14 8.71383e+14
 76000 8.72847e+14 4.89582e+14 7.37047e+14 6.01952e+14 9.22851e+14 5.63354e+14 6.96053e+14 6.97562e+14 8.99927e+14
 80000 9.27095e+14 5.05455e+14 7.86522e+14 6.19804e+14 9.83236e+14 5.89526e+14 7.30855e+14 7.34389e+14 9.29179e+14
 80000 8.7381e+14 3.75368e+14 6.93157e+14 7.91259e+14 9.37698e+14 5.56374e+14 7.61777e+14 7.16044e+14 5.45389e+14
 160000 2.32422e+15 9.16134e+14 1.95571e+15 1.28778e+15 2.00462e+15 1.08776e+15 1.46005e+15 1.56884e+15 1.04964e+15
 240000 5.12322e+15 1.66269e+15 3.88439e+15 1.69346e+15 2.76872e+15 1.66913e+15 2.04377e+15 2.64897e+15 1.55916e+15
 320000 9.08771e+15 2.41849e+15 6.6055e+15 2.35174e+15 3.50166e+15 1.46634e+15 2.43991e+15 3.87884e+15 1.92949e+15
 400000 1.40237e+16 3.31585e+15 9.85262e+15 2.83473e+15 4.27339e+15 1.42201e+15 2.84338e+15 5.33164e+15 2.1744e+15
 480000 2.02742e+16 4.26643e+15 1.33195e+16 2.78263e+15 4.7518e+15 1.12926e+15 2.8879e+15 6.78076e+15 1.98687e+15
 560000 2.79776e+16 5.22514e+15 1.7174e+16 2.3211e+15 4.77799e+15 9.27023e+14 2.67537e+15 8.32213e+15 1.3375e+15
 640000 3.6988e+16 6.02509e+15 2.11007e+16 1.68316e+15 3.81729e+15 7.53893e+14 2.08478e+15 9.79937e+15 1.0107e+15
 720000 4.69261e+16 6.96338e+15 2.53712e+16 9.37753e+14 3.08071e+15 1.02141e+15 1.67996e+15 1.15761e+16 6.4249e+14
 800000 5.77427e+16 7.45e+15 3.02433e+16 9.24647e+14 3.50408e+15 1.41429e+15 1.94767e+15 1.38934e+16 8.24163e+14
 880000 6.88804e+16 7.48421e+15 3.67844e+16 5.62054e+14 3.89099e+15 1.92767e+15 2.1269e+15 1.63627e+16 9.55385e+14
 960000 8.04492e+16 6.71881e+15 4.39271e+16 7.8827e+14 4.15797e+15 2.52604e+15 2.49076e+15 1.89738e+16 1.01152e+15
 1.04e+06 9.22315e+16 6.35384e+15 5.09852e+16 1.80757e+15 5.00835e+15 2.69805e+15 3.17132e+15 2.18455e+16 1.0448e+15
 1.12e+06 1.05985e+17 6.95849e+15 5.90016e+16 2.16396e+15 6.42485e+15 2.37931e+15 3.65604e+15 2.51197e+16 1.31756e+15
 1.2e+06 1.17704e+17 8.56615e+15 6.34447e+16 3.27051e+15 6.53991e+15 1.47451e+15 3.76164e+15 2.75523e+16 1.13509e+15
 1.28e+06 1.22328e+17 1.06066e+16 6.14182e+16 5.64775e+15 7.40347e+15 2.39163e+14 4.43013e+15 2.85718e+16 5.72336e+14
 1.36e+06 1.2369e+17 1.1661e+16 5.94535e+16 6.6099e+15 3.3953e+15 1.70303e+14 3.39183e+15 2.8009e+16 7.566e+14
 1.44e+06 1.02928e+17 7.53344e+15 5.47693e+16 3.78279e+15 4.38359e+15 5.59354e+14 2.90858e+15 2.37759e+16 7.3668e+14
