#NOTE: MSDs should be divided by the temperature.
#NOTE: MSDs have been divided by 2 or 10 (i.e., the viscosity computed from all components).
#Time	MSD_xx	MSD_yy	MSD_zz	MSD_xy	MSD_xz	MSD_yz	MSD_off	MSD_all	MSD_bulkvisc
 10 1.83621e+09 1.84848e+09 1.8371e+09 1.82816e+09 1.84683e+09 1.82992e+09 1.83497e+09 1.83722e+09 2.22488e+09
 20 6.59322e+09 6.64139e+09 6.60595e+09 6.56158e+09 6.6392e+09 6.5851e+09 6.59529e+09 6.60258e+09 8.42861e+09
 30 1.31687e+10 1.32711e+10 1.32159e+10 1.30917e+10 1.32749e+10 1.31852e+10 1.31839e+10 1.31978e+10 1.77863e+10
 40 2.08058e+10 2.09706e+10 2.09111e+10 2.06525e+10 2.09927e+10 2.08751e+10 2.08401e+10 2.08624e+10 2.95823e+10
 50 2.91383e+10 2.93661e+10 2.93225e+10 2.88735e+10 2.94282e+10 2.92756e+10 2.91924e+10 2.92257e+10 4.32771e+10
 60 3.80633e+10 3.83546e+10 3.83451e+10 3.76505e+10 3.84854e+10 3.82698e+10 3.81352e+10 3.81829e+10 5.85249e+10
 70 4.75008e+10 4.78638e+10 4.79018e+10 4.6907e+10 4.80974e+10 4.77746e+10 4.7593e+10 4.7658e+10 7.51821e+10
 80 5.73142e+10 5.77694e+10 5.78674e+10 5.65178e+10 5.81395e+10 5.76671e+10 5.74415e+10 5.7525e+10 9.32395e+10
 90 6.73359e+10 6.7909e+10 6.80859e+10 6.63322e+10 6.8446e+10 6.77959e+10 6.75247e+10 6.76256e+10 1.1273e+11
 100 7.74586e+10 7.81769e+10 7.84591e+10 7.62612e+10 7.89104e+10 7.80655e+10 7.77457e+10 7.786e+10 1.33659e+11
 110 8.77137e+10 8.86079e+10 8.90223e+10 8.63486e+10 8.95694e+10 8.85052e+10 8.81411e+10 8.82638e+10 1.55947e+11
 120 9.82608e+10 9.93662e+10 9.99331e+10 9.67577e+10 1.00586e+11 9.92593e+10 9.88676e+10 9.89953e+10 1.7943e+11
 130 1.0929e+11 1.10646e+11 1.11382e+11 1.07676e+11 1.1215e+11 1.10506e+11 1.10111e+11 1.10242e+11 2.03887e+11
 140 1.20923e+11 1.22568e+11 1.23491e+11 1.19221e+11 1.24382e+11 1.22367e+11 1.2199e+11 1.22125e+11 2.291e+11
 150 1.33184e+11 1.35146e+11 1.36278e+11 1.31414e+11 1.37304e+11 1.34873e+11 1.3453e+11 1.34666e+11 2.54919e+11
 160 1.46029e+11 1.48332e+11 1.49699e+11 1.44208e+11 1.50871e+11 1.47991e+11 1.4769e+11 1.47822e+11 2.81278e+11
 170 1.59401e+11 1.62072e+11 1.63696e+11 1.57542e+11 1.65024e+11 1.61667e+11 1.61411e+11 1.61536e+11 3.08196e+11
 180 1.73266e+11 1.76334e+11 1.78233e+11 1.71361e+11 1.79721e+11 1.75859e+11 1.75647e+11 1.75766e+11 3.35744e+11
 190 1.87619e+11 1.91111e+11 1.93293e+11 1.85636e+11 1.94946e+11 1.90547e+11 1.90376e+11 1.90495e+11 3.64008e+11
 200 2.02458e+11 2.064e+11 2.08867e+11 2.00345e+11 2.10691e+11 2.0572e+11 2.05585e+11 2.05714e+11 3.93036e+11
 200 2.0155e+11 2.06848e+11 2.09731e+11 1.97999e+11 2.10724e+11 2.06228e+11 2.04984e+11 2.05407e+11 3.92737e+11
 400 5.80201e+11 6.00428e+11 6.12207e+11 5.70089e+11 6.12108e+11 5.95237e+11 5.92478e+11 5.94532e+11 1.09434e+12
 600 1.08562e+12 1.13554e+12 1.16053e+12 1.07569e+12 1.15637e+12 1.12303e+12 1.11836e+12 1.12191e+12 2.0224e+12
 800 1.69374e+12 1.78701e+12 1.82687e+12 1.68882e+12 1.81742e+12 1.76371e+12 1.75665e+12 1.76167e+12 3.16784e+12
 1000 2.38961e+12 2.54179e+12 2.59931e+12 2.3948e+12 2.57802e+12 2.49085e+12 2.48789e+12 2.49683e+12 4.47745e+12
 1200 3.15719e+12 3.39008e+12 3.45971e+12 3.1763e+12 3.42261e+12 3.30059e+12 3.29983e+12 3.31416e+12 5.93565e+12
 1400 3.98457e+12 4.32091e+12 4.39258e+12 4.02831e+12 4.33484e+12 4.17918e+12 4.18078e+12 4.20154e+12 7.53173e+12
 1600 4.86838e+12 5.32754e+12 5.39171e+12 4.94234e+12 5.30749e+12 5.11628e+12 5.12203e+12 5.15157e+12 9.23552e+12
 1800 5.8005e+12 6.39912e+12 6.45162e+12 5.91124e+12 6.33621e+12 6.10348e+12 6.11697e+12 6.15702e+12 1.10393e+13
 2000 6.77556e+12 7.533e+12 7.56689e+12 6.93055e+12 7.41263e+12 7.13411e+12 7.1591e+12 7.21218e+12 1.29359e+13
 2200 7.78834e+12 8.72368e+12 8.72613e+12 8.00189e+12 8.53399e+12 8.20659e+12 8.24749e+12 8.31358e+12 1.49081e+13
 2400 8.83583e+12 9.95944e+12 9.925e+12 9.12004e+12 9.69196e+12 9.32032e+12 9.37744e+12 9.45583e+12 1.69396e+13
 2600 9.91339e+12 1.1238e+13 1.1159e+13 1.02798e+13 1.0879e+13 1.04702e+13 1.0543e+13 1.06338e+13 1.9022e+13
 2800 1.10186e+13 1.25517e+13 1.24238e+13 1.1477e+13 1.2085e+13 1.16574e+13 1.17398e+13 1.18431e+13 2.11635e+13
 3000 1.21455e+13 1.38979e+13 1.37142e+13 1.2708e+13 1.33145e+13 1.28797e+13 1.29674e+13 1.30814e+13 2.33522e+13
 3200 1.32918e+13 1.52761e+13 1.50265e+13 1.39654e+13 1.45665e+13 1.41334e+13 1.42218e+13 1.43456e+13 2.55889e+13
 3400 1.44563e+13 1.66866e+13 1.6361e+13 1.52495e+13 1.58398e+13 1.54174e+13 1.55022e+13 1.56352e+13 2.78658e+13
 3600 1.56403e+13 1.81252e+13 1.77191e+13 1.65587e+13 1.71315e+13 1.67309e+13 1.6807e+13 1.69488e+13 3.01759e+13
 3800 1.68449e+13 1.95873e+13 1.90988e+13 1.78831e+13 1.84456e+13 1.80735e+13 1.81341e+13 1.82846e+13 3.25188e+13
 4000 1.80694e+13 2.10716e+13 2.05012e+13 1.92226e+13 1.97826e+13 1.94401e+13 1.94818e+13 1.96414e+13 3.48906e+13
 4000 1.8049e+13 2.16351e+13 2.14426e+13 1.97651e+13 1.96068e+13 1.91779e+13 1.95166e+13 1.98602e+13 3.5757e+13
 8000 4.43533e+13 5.29475e+13 5.20684e+13 4.98088e+13 4.85534e+13 4.88537e+13 4.9072e+13 4.93591e+13 8.68336e+13
 12000 7.17217e+13 8.69006e+13 8.41491e+13 8.30039e+13 7.68749e+13 7.9225e+13 7.97013e+13 8.01903e+13 1.42714e+14
 16000 9.74357e+13 1.22037e+14 1.18343e+14 1.21514e+14 1.03413e+14 1.10236e+14 1.11721e+14 1.12074e+14 2.02366e+14
 20000 1.22219e+14 1.55368e+14 1.50179e+14 1.61287e+14 1.34169e+14 1.42477e+14 1.45978e+14 1.44622e+14 2.64403e+14
 24000 1.47629e+14 1.87103e+14 1.80593e+14 2.02216e+14 1.68013e+14 1.75916e+14 1.82048e+14 1.77939e+14 3.30772e+14
 28000 1.73166e+14 2.18436e+14 2.13626e+14 2.45947e+14 2.02858e+14 2.09163e+14 2.19322e+14 2.12291e+14 3.98763e+14
 32000 1.96672e+14 2.47347e+14 2.48884e+14 2.903e+14 2.3888e+14 2.43765e+14 2.57649e+14 2.46976e+14 4.65256e+14
 36000 2.20277e+14 2.72607e+14 2.85643e+14 3.37509e+14 2.76621e+14 2.80885e+14 2.98339e+14 2.82807e+14 5.31323e+14
 40000 2.46075e+14 3.00831e+14 3.26232e+14 3.88517e+14 3.16727e+14 3.1918e+14 3.41475e+14 3.21303e+14 6.00889e+14
 44000 2.72521e+14 3.29747e+14 3.66309e+14 4.42549e+14 3.56191e+14 3.54737e+14 3.84493e+14 3.59839e+14 6.70021e+14
 48000 2.99619e+14 3.61642e+14 4.03716e+14 4.97524e+14 3.93389e+14 3.88737e+14 4.2655e+14 3.97927e+14 7.36045e+14
 52000 3.28827e+14 3.93446e+14 4.4062e+14 5.5345e+14 4.30328e+14 4.23667e+14 4.69148e+14 4.36541e+14 7.96842e+14
 56000 3.6038e+14 4.25889e+14 4.77269e+14 6.11395e+14 4.66892e+14 4.59166e+14 5.12484e+14 4.75962e+14 8.54506e+14
 60000 3.91155e+14 4.60951e+14 5.16362e+14 6.69459e+14 5.03838e+14 4.95249e+14 5.56182e+14 5.16171e+14 9.14319e+14
 64000 4.19152e+14 4.97177e+14 5.59368e+14 7.2639e+14 5.41841e+14 5.30051e+14 5.99428e+14 5.56416e+14 9.74606e+14
 68000 4.42621e+14 5.33262e+14 6.04414e+14 7.85555e+14 5.80665e+14 5.63177e+14 6.43133e+14 5.96586e+14 1.03648e+15
 72000 4.68389e+14 5.67998e+14 6.52633e+14 8.45262e+14 6.20606e+14 5.95897e+14 6.87255e+14 6.37556e+14 1.0994e+15
 76000 4.92205e+14 5.98577e+14 7.00918e+14 9.05317e+14 6.61348e+14 6.2972e+14 7.32128e+14 6.7817e+14 1.1599e+15
 80000 5.12182e+14 6.26336e+14 7.46418e+14 9.64819e+14 7.0291e+14 6.636e+14 7.7711e+14 7.17591e+14 1.22096e+15
 80000 6.75882e+14 6.8336e+14 7.83268e+14 1.06226e+15 8.03921e+14 7.55555e+14 8.73912e+14 8.10015e+14 1.63247e+15
 160000 1.18216e+15 1.13653e+15 1.74485e+15 2.49004e+15 1.37631e+15 1.49764e+15 1.788e+15 1.6146e+15 2.51876e+15
 240000 1.96821e+15 1.86213e+15 2.75569e+15 3.30323e+15 2.13326e+15 2.05848e+15 2.49832e+15 2.37713e+15 3.9397e+15
 320000 2.62491e+15 2.27172e+15 3.5971e+15 4.01194e+15 2.34463e+15 2.25632e+15 2.87096e+15 2.85508e+15 4.54563e+15
 400000 3.84521e+15 2.77617e+15 4.23634e+15 4.38025e+15 2.95246e+15 2.4268e+15 3.25317e+15 3.3996e+15 5.03242e+15
 480000 5.25833e+15 3.46762e+15 4.85568e+15 4.96529e+15 3.26083e+15 2.19845e+15 3.47486e+15 3.8958e+15 5.07595e+15
 560000 7.03825e+15 4.0347e+15 5.84025e+15 6.13407e+15 3.56923e+15 2.38269e+15 4.02866e+15 4.67229e+15 4.60187e+15
 640000 8.70398e+15 4.88372e+15 7.44937e+15 7.18945e+15 3.37937e+15 2.93247e+15 4.50043e+15 5.5052e+15 4.65897e+15
 720000 1.03999e+16 5.53343e+15 8.7624e+15 8.78078e+15 3.40014e+15 3.11709e+15 5.09934e+15 6.35237e+15 3.26963e+15
 800000 1.29928e+16 6.50929e+15 9.02375e+15 1.02108e+16 2.99376e+15 2.62147e+15 5.27536e+15 6.96866e+15 3.54978e+15
 880000 1.57189e+16 6.87957e+15 8.83102e+15 1.17292e+16 3.01846e+15 2.23378e+15 5.66049e+15 7.58689e+15 3.88914e+15
 960000 1.84445e+16 7.79151e+15 8.10993e+15 1.40552e+16 2.55612e+15 2.83146e+15 6.48093e+15 8.46801e+15 6.28462e+15
 1.04e+06 2.04204e+16 7.89856e+15 7.70981e+15 1.63696e+16 2.33417e+15 3.3459e+15 7.34991e+15 9.21377e+15 6.73606e+15
 1.12e+06 2.38698e+16 9.44063e+15 7.83996e+15 1.93717e+16 1.90883e+15 4.33538e+15 8.53863e+15 1.06099e+16 7.28525e+15
 1.2e+06 2.68623e+16 1.03394e+16 7.90604e+15 2.26467e+16 2.48518e+15 4.51341e+15 9.88177e+15 1.19434e+16 6.68841e+15
 1.28e+06 2.92696e+16 1.09636e+16 7.07351e+15 2.53107e+16 3.49046e+15 2.95459e+15 1.05853e+16 1.26587e+16 4.91185e+15
 1.36e+06 3.08037e+16 1.10037e+16 6.22705e+15 2.87708e+16 4.75381e+15 1.71411e+15 1.17463e+16 1.34523e+16 3.35928e+15
 1.44e+06 3.18744e+16 1.16077e+16 6.0055e+15 3.18114e+16 6.13551e+15 1.44999e+15 1.31323e+16 1.44777e+16 1.68079e+15
 1.52e+06 3.5336e+16 1.35678e+16 5.95746e+15 3.43803e+16 8.36829e+15 1.65364e+15 1.48007e+16 1.61953e+16 1.22644e+15
 1.6e+06 3.66447e+16 1.39619e+16 5.5721e+15 3.84559e+16 1.0309e+16 1.74061e+15 1.68352e+16 1.75916e+16 8.254e+14
 1.6e+06 4.62245e+16 2.12847e+16 4.77565e+15 4.26201e+16 1.30397e+14 7.37769e+14 1.44961e+16 1.83356e+16 2.49464e+14
