#NOTE: MSDs should be divided by the temperature.
#NOTE: MSDs have been divided by 2 or 10 (i.e., the viscosity computed from all components).
#Time	MSD_xx	MSD_yy	MSD_zz	MSD_xy	MSD_xz	MSD_yz	MSD_off	MSD_all	MSD_bulkvisc
 20 6.70861e+09 6.68956e+09 6.73156e+09 6.73718e+09 6.71442e+09 6.72751e+09 6.72637e+09 6.71979e+09 8.48331e+09
 40 2.1074e+10 2.10118e+10 2.11644e+10 2.1183e+10 2.11087e+10 2.11468e+10 2.11462e+10 2.11211e+10 2.97034e+10
 60 3.84869e+10 3.83708e+10 3.86907e+10 3.8749e+10 3.85804e+10 3.86588e+10 3.86627e+10 3.86041e+10 5.87222e+10
 80 5.79315e+10 5.77521e+10 5.82726e+10 5.84138e+10 5.81198e+10 5.82546e+10 5.82627e+10 5.81518e+10 9.34824e+10
 100 7.83503e+10 7.81107e+10 7.8858e+10 7.91146e+10 7.87055e+10 7.88797e+10 7.88999e+10 7.87158e+10 1.33888e+11
 120 9.9531e+10 9.92497e+10 1.00258e+11 1.00631e+11 1.00147e+11 1.00325e+11 1.00368e+11 1.00092e+11 1.79603e+11
 140 1.22703e+11 1.22379e+11 1.23694e+11 1.24163e+11 1.2365e+11 1.23795e+11 1.23869e+11 1.23492e+11 2.2922e+11
 160 1.48447e+11 1.48062e+11 1.49742e+11 1.50286e+11 1.49783e+11 1.49837e+11 1.49968e+11 1.49481e+11 2.81398e+11
 180 1.76437e+11 1.75962e+11 1.78083e+11 1.78687e+11 1.78206e+11 1.78116e+11 1.78336e+11 1.77733e+11 3.35924e+11
 200 2.0643e+11 2.05855e+11 2.0849e+11 2.09113e+11 2.08661e+11 2.08409e+11 2.08728e+11 2.08007e+11 3.93307e+11
 220 2.38308e+11 2.37622e+11 2.40828e+11 2.41455e+11 2.41036e+11 2.40603e+11 2.41031e+11 2.40186e+11 4.53623e+11
 240 2.71927e+11 2.71114e+11 2.74936e+11 2.75575e+11 2.75184e+11 2.74561e+11 2.75107e+11 2.74127e+11 5.1626e+11
 260 3.07231e+11 3.06291e+11 3.10763e+11 3.11422e+11 3.1105e+11 3.10243e+11 3.10905e+11 3.09781e+11 5.80739e+11
 280 3.442e+11 3.43129e+11 3.4827e+11 3.48971e+11 3.4862e+11 3.47623e+11 3.48405e+11 3.47123e+11 6.47215e+11
 300 3.82762e+11 3.81553e+11 3.87386e+11 3.88141e+11 3.87832e+11 3.86645e+11 3.8754e+11 3.86084e+11 7.16105e+11
 320 4.2285e+11 4.21504e+11 4.28043e+11 4.28873e+11 4.28626e+11 4.27267e+11 4.28255e+11 4.26606e+11 7.87478e+11
 340 4.64428e+11 4.62974e+11 4.70215e+11 4.71148e+11 4.71009e+11 4.69463e+11 4.7054e+11 4.68673e+11 8.61025e+11
 360 5.07503e+11 5.05975e+11 5.13917e+11 5.14977e+11 5.15e+11 5.13222e+11 5.144e+11 5.12293e+11 9.36561e+11
 380 5.52092e+11 5.50519e+11 5.59169e+11 5.60371e+11 5.60584e+11 5.58551e+11 5.59836e+11 5.57472e+11 1.01425e+12
 400 5.98179e+11 5.96582e+11 6.05954e+11 6.07291e+11 6.07714e+11 6.05415e+11 6.06806e+11 6.04179e+11 1.09435e+12
 400 5.96019e+11 5.9499e+11 6.05503e+11 6.09151e+11 6.07732e+11 6.05812e+11 6.07565e+11 6.04074e+11 1.09607e+12
 800 1.78e+12 1.78173e+12 1.80727e+12 1.8137e+12 1.81648e+12 1.80936e+12 1.81318e+12 1.80378e+12 3.16264e+12
 1200 3.35658e+12 3.3778e+12 3.41429e+12 3.41899e+12 3.42396e+12 3.42111e+12 3.42135e+12 3.40597e+12 5.91652e+12
 1600 5.22724e+12 5.27396e+12 5.31868e+12 5.323e+12 5.3242e+12 5.33904e+12 5.32875e+12 5.30657e+12 9.18505e+12
 2000 7.3223e+12 7.40414e+12 7.44608e+12 7.45778e+12 7.45192e+12 7.49297e+12 7.46756e+12 7.43687e+12 1.28443e+13
 2400 9.58852e+12 9.71946e+12 9.75076e+12 9.76726e+12 9.75761e+12 9.84241e+12 9.78909e+12 9.74796e+12 1.68133e+13
 2800 1.20006e+13 1.21825e+13 1.22023e+13 1.22156e+13 1.22017e+13 1.23545e+13 1.22573e+13 1.22058e+13 2.10348e+13
 3200 1.4538e+13 1.47623e+13 1.47793e+13 1.47694e+13 1.4752e+13 1.50001e+13 1.48405e+13 1.47816e+13 2.5481e+13
 3600 1.71772e+13 1.74319e+13 1.74466e+13 1.74075e+13 1.73883e+13 1.77618e+13 1.75192e+13 1.74523e+13 3.00987e+13
 4000 1.98987e+13 2.01715e+13 2.01855e+13 2.01141e+13 2.01024e+13 2.06212e+13 2.02792e+13 2.02016e+13 3.48625e+13
 4400 2.26933e+13 2.2973e+13 2.29895e+13 2.28799e+13 2.28788e+13 2.35617e+13 2.31068e+13 2.30182e+13 3.97249e+13
 4800 2.55427e+13 2.58241e+13 2.58548e+13 2.56958e+13 2.57053e+13 2.65671e+13 2.59894e+13 2.58899e+13 4.46812e+13
 5200 2.84487e+13 2.872e+13 2.87769e+13 2.85531e+13 2.85803e+13 2.963e+13 2.89211e+13 2.88121e+13 4.97112e+13
 5600 3.14108e+13 3.16581e+13 3.17569e+13 3.14539e+13 3.15017e+13 3.27411e+13 3.18989e+13 3.17828e+13 5.48098e+13
 6000 3.4424e+13 3.46349e+13 3.47907e+13 3.43964e+13 3.44573e+13 3.58929e+13 3.49156e+13 3.47959e+13 5.99859e+13
 6400 3.74769e+13 3.76465e+13 3.78684e+13 3.73782e+13 3.74408e+13 3.9075e+13 3.79646e+13 3.78444e+13 6.52139e+13
 6800 4.05621e+13 4.06911e+13 4.09863e+13 4.03968e+13 4.04531e+13 4.22832e+13 4.10444e+13 4.09252e+13 7.04988e+13
 7200 4.36674e+13 4.37729e+13 4.41417e+13 4.34506e+13 4.34885e+13 4.55214e+13 4.41535e+13 4.40364e+13 7.58261e+13
 7600 4.67881e+13 4.68929e+13 4.73191e+13 4.65322e+13 4.65502e+13 4.87911e+13 4.72911e+13 4.71747e+13 8.11915e+13
 8000 4.9913e+13 5.00425e+13 5.05148e+13 4.96444e+13 4.96466e+13 5.20848e+13 5.04586e+13 5.03379e+13 8.66021e+13
 8000 4.95491e+13 4.9476e+13 5.00542e+13 4.8443e+13 4.94165e+13 5.26397e+13 5.01664e+13 4.99771e+13 8.74268e+13
 16000 1.13517e+14 1.16815e+14 1.16582e+14 1.14121e+14 1.16828e+14 1.23204e+14 1.18051e+14 1.17086e+14 2.03254e+14
 24000 1.75485e+14 1.86416e+14 1.873e+14 1.78428e+14 1.90161e+14 1.97693e+14 1.88761e+14 1.86483e+14 3.22605e+14
 32000 2.35235e+14 2.56728e+14 2.61079e+14 2.43884e+14 2.64683e+14 2.70089e+14 2.59552e+14 2.56137e+14 4.39894e+14
 40000 2.96149e+14 3.24872e+14 3.37168e+14 3.10625e+14 3.37548e+14 3.40707e+14 3.29627e+14 3.25535e+14 5.56537e+14
 48000 3.60072e+14 3.93502e+14 4.14751e+14 3.77345e+14 4.11587e+14 4.10451e+14 3.99794e+14 3.95653e+14 6.77322e+14
 56000 4.25104e+14 4.63108e+14 4.9515e+14 4.44778e+14 4.87958e+14 4.78948e+14 4.70561e+14 4.66785e+14 7.95118e+14
 64000 4.93479e+14 5.32169e+14 5.78351e+14 5.13678e+14 5.65673e+14 5.47354e+14 5.42235e+14 5.39208e+14 9.11561e+14
 72000 5.61268e+14 5.98937e+14 6.60567e+14 5.79726e+14 6.44154e+14 6.17595e+14 6.13825e+14 6.11065e+14 1.02756e+15
 80000 6.28492e+14 6.63156e+14 7.4148e+14 6.47156e+14 7.25226e+14 6.9286e+14 6.88414e+14 6.84132e+14 1.14108e+15
 88000 6.97903e+14 7.25544e+14 8.23803e+14 7.15122e+14 8.07703e+14 7.69155e+14 7.63993e+14 7.58029e+14 1.25797e+15
 96000 7.69799e+14 7.85777e+14 9.03641e+14 7.83685e+14 8.91643e+14 8.43334e+14 8.39554e+14 8.31628e+14 1.37128e+15
 104000 8.44566e+14 8.44378e+14 9.80012e+14 8.54095e+14 9.73796e+14 9.1661e+14 9.14833e+14 9.04761e+14 1.48997e+15
 112000 9.22087e+14 9.08801e+14 1.05611e+15 9.24696e+14 1.05764e+15 9.86138e+14 9.89492e+14 9.78628e+14 1.60411e+15
 120000 1.0007e+15 9.759e+14 1.13433e+15 9.97399e+14 1.14025e+15 1.05289e+15 1.06351e+15 1.0529e+15 1.71342e+15
 128000 1.07833e+15 1.04366e+15 1.21638e+15 1.07356e+15 1.2232e+15 1.12259e+15 1.13979e+15 1.12899e+15 1.8195e+15
 136000 1.15716e+15 1.11337e+15 1.29971e+15 1.15045e+15 1.30953e+15 1.19159e+15 1.21719e+15 1.20635e+15 1.92351e+15
 144000 1.23657e+15 1.18683e+15 1.38207e+15 1.2286e+15 1.39938e+15 1.26467e+15 1.29755e+15 1.28593e+15 2.02078e+15
 152000 1.31695e+15 1.26314e+15 1.46454e+15 1.3069e+15 1.49092e+15 1.33761e+15 1.37848e+15 1.36637e+15 2.11476e+15
 160000 1.39946e+15 1.3392e+15 1.54842e+15 1.38548e+15 1.58163e+15 1.41406e+15 1.46039e+15 1.44784e+15 2.20108e+15
 160000 1.44018e+15 1.28004e+15 1.405e+15 1.41368e+15 1.73602e+15 1.37114e+15 1.50695e+15 1.4542e+15 2.45298e+15
 320000 3.17528e+15 2.86255e+15 3.34505e+15 3.0615e+15 3.58776e+15 3.20848e+15 3.28591e+15 3.2226e+15 4.2949e+15
 480000 4.86672e+15 4.29422e+15 5.38196e+15 4.46882e+15 5.2815e+15 4.67162e+15 4.80731e+15 4.82344e+15 5.63006e+15
 640000 6.59008e+15 5.52341e+15 7.4338e+15 5.92158e+15 6.90095e+15 5.61902e+15 6.14718e+15 6.29461e+15 8.31242e+15
 800000 8.44524e+15 6.73577e+15 9.47398e+15 7.43743e+15 8.65938e+15 6.28688e+15 7.46123e+15 7.76407e+15 1.09373e+16
 960000 1.05324e+16 8.04804e+15 1.132e+16 8.91443e+15 1.00207e+16 6.9063e+15 8.61381e+15 9.15501e+15 1.31188e+16
 1.12e+06 1.29059e+16 9.68994e+15 1.31522e+16 1.00182e+16 1.15348e+16 7.43079e+15 9.66126e+15 1.05632e+16 1.50662e+16
 1.28e+06 1.54461e+16 1.13164e+16 1.53313e+16 1.13632e+16 1.32601e+16 8.12466e+15 1.0916e+16 1.21621e+16 1.63858e+16
 1.44e+06 1.90092e+16 1.32301e+16 1.76572e+16 1.28402e+16 1.43994e+16 9.42126e+15 1.22203e+16 1.3985e+16 1.79582e+16
 1.6e+06 2.26409e+16 1.51149e+16 2.06035e+16 1.4441e+16 1.57974e+16 1.08619e+16 1.37001e+16 1.60013e+16 1.94603e+16
 1.76e+06 2.62067e+16 1.71073e+16 2.43321e+16 1.57038e+16 1.72616e+16 1.21295e+16 1.50316e+16 1.80384e+16 2.04923e+16
 1.92e+06 2.97301e+16 1.92513e+16 2.83016e+16 1.70175e+16 1.84387e+16 1.34304e+16 1.62956e+16 2.00817e+16 2.14969e+16
 2.08e+06 3.33328e+16 2.18857e+16 3.21146e+16 1.86756e+16 1.92643e+16 1.45982e+16 1.75127e+16 2.2152e+16 2.23357e+16
 2.24e+06 3.7257e+16 2.49383e+16 3.51107e+16 2.05222e+16 2.04464e+16 1.53034e+16 1.87574e+16 2.42286e+16 2.36254e+16
 2.4e+06 4.13328e+16 2.83619e+16 3.75583e+16 2.30637e+16 2.15921e+16 1.60228e+16 2.02262e+16 2.64361e+16 2.45032e+16
 2.56e+06 4.43857e+16 3.13962e+16 3.97959e+16 2.54303e+16 2.24525e+16 1.66503e+16 2.15111e+16 2.8317e+16 2.4813e+16
 2.72e+06 4.73883e+16 3.45388e+16 4.20857e+16 2.70883e+16 2.30844e+16 1.73511e+16 2.25079e+16 3.00398e+16 2.58239e+16
 2.88e+06 5.11218e+16 3.80325e+16 4.48634e+16 2.86927e+16 2.3894e+16 1.8478e+16 2.36883e+16 3.2082e+16 2.65256e+16
 3.04e+06 5.45456e+16 4.18879e+16 4.82279e+16 3.00826e+16 2.44125e+16 1.94e+16 2.46317e+16 3.40672e+16 2.59802e+16
 3.2e+06 5.7907e+16 4.5708e+16 5.27075e+16 3.18437e+16 2.51018e+16 1.96433e+16 2.55296e+16 3.61608e+16 2.66362e+16
 3.2e+06 6.92824e+16 5.2623e+16 6.01378e+16 5.19897e+16 2.9948e+16 1.84154e+16 3.3451e+16 4.4343e+16 1.40951e+16
 6.4e+06 1.08731e+17 1.62339e+17 5.94866e+16 1.20979e+17 6.45393e+16 2.50374e+16 7.01853e+16 8.61854e+16 1.76478e+16
 9.6e+06 1.48595e+17 2.35435e+17 1.67605e+17 6.26625e+16 1.02787e+17 3.39524e+16 6.64674e+16 1.13432e+17 2.15008e+16
 1.28e+07 1.2519e+16 4.31079e+17 2.96674e+17 1.12088e+17 6.99105e+16 1.19673e+17 1.00557e+17 1.59037e+17 1.06552e+14
