#NOTE: MSDs should be divided by the temperature.
#NOTE: MSDs have been divided by 2 or 10 (i.e., the viscosity computed from all components).
#Time	MSD_xx	MSD_yy	MSD_zz	MSD_xy	MSD_xz	MSD_yz	MSD_off	MSD_all	MSD_bulkvisc
 10 1.84848e+09 1.8557e+09 1.84569e+09 1.84365e+09 1.84438e+09 1.84441e+09 1.84415e+09 1.84647e+09 2.23643e+09
 20 6.64462e+09 6.67212e+09 6.63527e+09 6.62345e+09 6.62869e+09 6.63335e+09 6.6285e+09 6.63737e+09 8.47491e+09
 30 1.32869e+10 1.33443e+10 1.32676e+10 1.32317e+10 1.32484e+10 1.32695e+10 1.32499e+10 1.32698e+10 1.78926e+10
 40 2.10148e+10 2.11067e+10 2.0982e+10 2.09019e+10 2.09372e+10 2.09925e+10 2.09439e+10 2.09801e+10 2.97756e+10
 50 2.94595e+10 2.95867e+10 2.94114e+10 2.92615e+10 2.93245e+10 2.94335e+10 2.93398e+10 2.93982e+10 4.35849e+10
 60 3.85162e+10 3.86802e+10 3.84561e+10 3.82063e+10 3.831e+10 3.84908e+10 3.83357e+10 3.84217e+10 5.89736e+10
 70 4.81043e+10 4.83092e+10 4.80427e+10 4.76603e+10 4.78215e+10 4.80903e+10 4.78573e+10 4.79752e+10 7.57963e+10
 80 5.80891e+10 5.83426e+10 5.80416e+10 5.74968e+10 5.77322e+10 5.8106e+10 5.77783e+10 5.79301e+10 9.40418e+10
 90 6.83048e+10 6.86147e+10 6.82858e+10 6.75575e+10 6.78798e+10 6.83765e+10 6.7938e+10 6.81235e+10 1.13742e+11
 100 7.86499e+10 7.90205e+10 7.86678e+10 7.77417e+10 7.81603e+10 7.87978e+10 7.82333e+10 7.84517e+10 1.34901e+11
 110 8.91627e+10 8.95963e+10 8.92216e+10 8.80848e+10 8.86078e+10 8.93985e+10 8.8697e+10 8.8949e+10 1.57444e+11
 120 1.00006e+11 1.00507e+11 1.0011e+11 9.87482e+10 9.93819e+10 1.0033e+11 9.94868e+10 9.97751e+10 1.81207e+11
 130 1.11371e+11 1.1195e+11 1.11528e+11 1.09922e+11 1.10674e+11 1.11782e+11 1.10793e+11 1.11122e+11 2.05971e+11
 140 1.23378e+11 1.24046e+11 1.23601e+11 1.21728e+11 1.22604e+11 1.23878e+11 1.22737e+11 1.23112e+11 2.31521e+11
 150 1.3605e+11 1.36815e+11 1.3635e+11 1.34189e+11 1.35198e+11 1.36647e+11 1.35345e+11 1.35769e+11 2.57708e+11
 160 1.49341e+11 1.50207e+11 1.49729e+11 1.47262e+11 1.48413e+11 1.50049e+11 1.48575e+11 1.49049e+11 2.84469e+11
 170 1.6319e+11 1.64162e+11 1.63678e+11 1.60889e+11 1.62194e+11 1.64025e+11 1.62369e+11 1.62892e+11 3.1182e+11
 180 1.77555e+11 1.7864e+11 1.78155e+11 1.75027e+11 1.76499e+11 1.78534e+11 1.76687e+11 1.77259e+11 3.39833e+11
 190 1.9242e+11 1.93627e+11 1.93142e+11 1.89654e+11 1.91312e+11 1.93556e+11 1.91507e+11 1.9213e+11 3.68584e+11
 200 2.07778e+11 2.09113e+11 2.08627e+11 2.04759e+11 2.06626e+11 2.09085e+11 2.06823e+11 2.07496e+11 3.98113e+11
 200 2.07681e+11 2.09136e+11 2.09164e+11 2.04569e+11 2.06466e+11 2.0979e+11 2.06942e+11 2.07629e+11 3.97511e+11
 400 6.01568e+11 6.06344e+11 6.08212e+11 5.9228e+11 6.00736e+11 6.11641e+11 6.01553e+11 6.03081e+11 1.10985e+12
 600 1.13908e+12 1.14785e+12 1.15436e+12 1.12408e+12 1.14113e+12 1.16304e+12 1.14275e+12 1.14449e+12 2.05428e+12
 800 1.79323e+12 1.81022e+12 1.82306e+12 1.77265e+12 1.80072e+12 1.83819e+12 1.80385e+12 1.80585e+12 3.22115e+12
 1000 2.54368e+12 2.57528e+12 2.59884e+12 2.52155e+12 2.55994e+12 2.61494e+12 2.56547e+12 2.56833e+12 4.55967e+12
 1200 3.37571e+12 3.42977e+12 3.4649e+12 3.35704e+12 3.40322e+12 3.48102e+12 3.41376e+12 3.41764e+12 6.05067e+12
 1400 4.27803e+12 4.36269e+12 4.40833e+12 4.26808e+12 4.31629e+12 4.42606e+12 4.33681e+12 4.34196e+12 7.68771e+12
 1600 5.24352e+12 5.36621e+12 5.42213e+12 5.24263e+12 5.2909e+12 5.44308e+12 5.32554e+12 5.3329e+12 9.44815e+12
 1800 6.26428e+12 6.42894e+12 6.49814e+12 6.2741e+12 6.3226e+12 6.52364e+12 6.37345e+12 6.38292e+12 1.13177e+13
 2000 7.33461e+12 7.54495e+12 7.62946e+12 7.35672e+12 7.40308e+12 7.66176e+12 7.47385e+12 7.48552e+12 1.3285e+13
 2200 8.44697e+12 8.70973e+12 8.80871e+12 8.48829e+12 8.53051e+12 8.84955e+12 8.62278e+12 8.63572e+12 1.534e+13
 2400 9.5996e+12 9.91766e+12 1.00309e+13 9.66466e+12 9.6978e+12 1.00858e+13 9.81608e+12 9.82939e+12 1.74689e+13
 2600 1.07898e+13 1.11664e+13 1.12933e+13 1.08826e+13 1.09008e+13 1.13649e+13 1.10494e+13 1.10629e+13 1.96637e+13
 2800 1.20162e+13 1.24543e+13 1.25923e+13 1.21374e+13 1.21354e+13 1.2685e+13 1.23193e+13 1.23333e+13 2.19264e+13
 3000 1.32748e+13 1.37784e+13 1.39266e+13 1.34276e+13 1.34001e+13 1.40422e+13 1.36233e+13 1.36379e+13 2.42536e+13
 3200 1.45625e+13 1.51372e+13 1.5292e+13 1.47501e+13 1.46934e+13 1.54354e+13 1.49597e+13 1.49747e+13 2.6642e+13
 3400 1.58769e+13 1.65296e+13 1.6689e+13 1.61048e+13 1.60114e+13 1.6862e+13 1.6326e+13 1.63417e+13 2.90864e+13
 3600 1.72147e+13 1.79516e+13 1.81161e+13 1.74869e+13 1.73527e+13 1.83195e+13 1.77197e+13 1.77361e+13 3.15778e+13
 3800 1.85735e+13 1.93987e+13 1.95678e+13 1.88903e+13 1.8717e+13 1.98049e+13 1.91374e+13 1.91544e+13 3.41133e+13
 4000 1.99528e+13 2.08665e+13 2.10406e+13 2.03144e+13 2.01041e+13 2.13154e+13 2.05779e+13 2.05947e+13 3.66914e+13
 4000 1.98668e+13 2.11871e+13 2.1197e+13 2.05146e+13 1.99007e+13 2.13621e+13 2.05925e+13 2.06556e+13 3.71222e+13
 8000 4.95919e+13 5.31886e+13 5.36969e+13 5.19405e+13 5.03529e+13 5.48199e+13 5.23711e+13 5.22863e+13 9.335e+13
 12000 8.18513e+13 8.92365e+13 8.7937e+13 8.61684e+13 8.19133e+13 9.00602e+13 8.60473e+13 8.6165e+13 1.56944e+14
 16000 1.15158e+14 1.27495e+14 1.22879e+14 1.21709e+14 1.13364e+14 1.26731e+14 1.20601e+14 1.21098e+14 2.27223e+14
 20000 1.49181e+14 1.66715e+14 1.56893e+14 1.57899e+14 1.46163e+14 1.64886e+14 1.56316e+14 1.56828e+14 3.00957e+14
 24000 1.8231e+14 2.04721e+14 1.89023e+14 1.94925e+14 1.80055e+14 2.03219e+14 1.92733e+14 1.92447e+14 3.77569e+14
 28000 2.14667e+14 2.41402e+14 2.21172e+14 2.32484e+14 2.1324e+14 2.41446e+14 2.29057e+14 2.27733e+14 4.56526e+14
 32000 2.47496e+14 2.77129e+14 2.54337e+14 2.6999e+14 2.47942e+14 2.80118e+14 2.66017e+14 2.63472e+14 5.35106e+14
 36000 2.82646e+14 3.13161e+14 2.90144e+14 3.08006e+14 2.82676e+14 3.20217e+14 3.03633e+14 3.00307e+14 6.12751e+14
 40000 3.18799e+14 3.4958e+14 3.26471e+14 3.46312e+14 3.17327e+14 3.6052e+14 3.41386e+14 3.37479e+14 6.89711e+14
 44000 3.56505e+14 3.85368e+14 3.64125e+14 3.84993e+14 3.517e+14 4.01307e+14 3.79334e+14 3.75067e+14 7.65523e+14
 48000 3.95685e+14 4.22111e+14 4.0147e+14 4.24194e+14 3.83883e+14 4.42919e+14 4.16999e+14 4.12768e+14 8.41996e+14
 52000 4.35616e+14 4.59246e+14 4.39553e+14 4.64168e+14 4.14806e+14 4.84787e+14 4.54587e+14 4.50674e+14 9.19816e+14
 56000 4.76186e+14 4.97133e+14 4.79266e+14 5.06495e+14 4.44102e+14 5.27189e+14 4.92596e+14 4.89235e+14 9.99736e+14
 60000 5.16473e+14 5.35899e+14 5.2052e+14 5.48143e+14 4.73218e+14 5.70414e+14 5.30592e+14 5.28074e+14 1.08047e+15
 64000 5.56741e+14 5.74017e+14 5.62227e+14 5.90429e+14 5.02538e+14 6.13941e+14 5.68969e+14 5.67113e+14 1.16061e+15
 68000 5.96834e+14 6.12466e+14 6.05415e+14 6.33573e+14 5.3065e+14 6.57343e+14 6.07188e+14 6.06275e+14 1.2401e+15
 72000 6.3801e+14 6.50356e+14 6.50676e+14 6.76989e+14 5.58665e+14 7.00365e+14 6.45339e+14 6.45743e+14 1.31889e+15
 76000 6.79065e+14 6.85137e+14 6.96178e+14 7.21257e+14 5.87169e+14 7.44155e+14 6.84194e+14 6.85234e+14 1.39481e+15
 80000 7.19821e+14 7.17516e+14 7.39685e+14 7.66714e+14 6.17058e+14 7.87071e+14 7.23614e+14 7.24438e+14 1.46848e+15
 80000 7.45137e+14 7.62981e+14 7.68602e+14 7.7217e+14 6.2947e+14 8.94246e+14 7.65296e+14 7.6274e+14 1.52469e+15
 160000 1.54898e+15 1.33399e+15 1.7156e+15 1.68846e+15 1.17168e+15 1.6224e+15 1.49418e+15 1.50965e+15 2.65517e+15
 240000 2.38053e+15 1.98725e+15 2.55578e+15 2.47061e+15 1.8259e+15 2.46869e+15 2.25507e+15 2.27618e+15 3.93601e+15
 320000 3.32245e+15 2.38354e+15 3.32125e+15 3.02838e+15 2.3859e+15 3.25944e+15 2.89124e+15 2.93838e+15 5.47301e+15
 400000 4.5893e+15 2.83852e+15 3.99945e+15 3.47395e+15 3.21847e+15 4.30577e+15 3.66606e+15 3.72327e+15 6.79234e+15
 480000 5.83758e+15 3.41381e+15 4.7745e+15 4.06514e+15 4.0827e+15 5.55901e+15 4.56895e+15 4.61149e+15 7.65076e+15
 560000 6.88331e+15 3.79433e+15 5.40697e+15 4.56591e+15 5.04045e+15 6.84048e+15 5.48228e+15 5.43398e+15 9.1082e+15
 640000 7.85457e+15 4.38287e+15 6.19936e+15 5.20293e+15 5.71856e+15 8.41297e+15 6.44482e+15 6.32513e+15 1.04842e+16
 720000 9.03898e+15 4.87335e+15 7.06576e+15 5.94168e+15 6.35953e+15 9.83928e+15 7.38016e+15 7.22518e+15 1.15017e+16
 800000 1.05728e+16 5.52213e+15 7.77619e+15 6.80626e+15 7.05872e+15 1.15779e+16 8.48095e+15 8.27139e+15 1.30288e+16
 880000 1.20138e+16 5.9713e+15 8.54695e+15 7.59536e+15 7.86684e+15 1.29361e+16 9.46611e+15 9.21727e+15 1.50083e+16
 960000 1.36353e+16 6.34646e+15 9.15687e+15 8.47047e+15 8.48259e+15 1.47271e+16 1.056e+16 1.02212e+16 1.64093e+16
 1.04e+06 1.54342e+16 6.84451e+15 9.9533e+15 9.33082e+15 9.18202e+15 1.66201e+16 1.1711e+16 1.13242e+16 1.82691e+16
 1.12e+06 1.76677e+16 7.49289e+15 1.0894e+16 1.02619e+16 9.66605e+15 1.87042e+16 1.28774e+16 1.25337e+16 2.02912e+16
 1.2e+06 1.9896e+16 8.06162e+15 1.17038e+16 1.13201e+16 1.0219e+16 2.05365e+16 1.40252e+16 1.37033e+16 2.18334e+16
 1.28e+06 2.19699e+16 8.65054e+15 1.21391e+16 1.19832e+16 1.09193e+16 2.21521e+16 1.50182e+16 1.47122e+16 2.33933e+16
 1.36e+06 2.38723e+16 9.06678e+15 1.25202e+16 1.28275e+16 1.15269e+16 2.39396e+16 1.6098e+16 1.572e+16 2.5496e+16
 1.44e+06 2.58e+16 9.88416e+15 1.29183e+16 1.35165e+16 1.19224e+16 2.57346e+16 1.70579e+16 1.6715e+16 2.71993e+16
 1.52e+06 2.79515e+16 1.06202e+16 1.31087e+16 1.39609e+16 1.24167e+16 2.76302e+16 1.80026e+16 1.76923e+16 2.84518e+16
 1.6e+06 3.02314e+16 1.14548e+16 1.37174e+16 1.45137e+16 1.28664e+16 2.90082e+16 1.87961e+16 1.86648e+16 2.96409e+16
 1.6e+06 3.04192e+16 1.09179e+16 1.39822e+16 2.37907e+16 2.08911e+16 2.4556e+16 2.30793e+16 2.12235e+16 2.33309e+16
 3.2e+06 1.04727e+17 3.33295e+16 3.70956e+16 2.47979e+16 2.60844e+16 2.64707e+16 2.57843e+16 3.88242e+16 5.31558e+16
 4.8e+06 1.67071e+17 7.83916e+16 1.89915e+16 1.25297e+16 2.90968e+16 3.01152e+16 2.39139e+16 4.96089e+16 6.20383e+16
 6.4e+06 1.89171e+17 1.21097e+17 7.55994e+15 3.69727e+15 7.83317e+12 5.05447e+15 2.91985e+15 4.41289e+16 1.84042e+16
